311  994.127197 1.100E-23 1.891E-03.07400.158  610.72400.75-.002000          0 1 0          0 0 0  7  2  5        8  5  4      342203 1 1 6 4 0 1    45.0   51.0
311 1003.453370 1.010E-23 2.104E-03.07400.158  646.45900.75-.002000          0 1 0          0 0 0  7  3  4        8  6  3      342203 1 1 6 4 0 1    45.0   51.0
311 1005.727050 9.130E-24 3.578E-03.07400.158  801.28400.75-.002000          0 1 0          0 0 0  8  5  4        9  6  3      342203 1 1 6 4 0 1    51.0   57.0
311 1009.403320 1.040E-23 1.011E-03.07400.158  457.88000.75-.002000          0 1 0          0 0 0  6  2  5        7  3  4      342203 1 1 6 4 0 1    39.0   45.0
311 1011.645020 1.520E-23 2.243E-02.07400.158 1094.54600.75-.002000          0 1 0          0 0 0  9  9  0       10 10  1      342203 1 1 6 4 0 1    57.0   63.0
311 1012.235110 1.240E-23 1.484E-02.07400.158 1051.21100.75-.002000          0 1 0          0 0 0  9  8  1       10  9  2      342203 1 1 6 4 0 1    57.0   63.0
311 1021.064700 1.280E-23 5.779E-03.07400.158  824.27100.75-.002000          0 1 0          0 0 0  8  6  3        9  7  2      342203 1 1 6 4 0 1    51.0   57.0
311 1025.409670 1.850E-23 9.863E-03.07400.158  856.75500.75-.002000          0 1 0          0 0 0  8  7  2        9  8  1      342203 1 1 6 4 0 1    51.0   57.0
311 1025.423830 2.420E-23 1.563E-02.07400.158  896.20800.75-.002000          0 1 0          0 0 0  8  8  1        9  9  0      342203 1 1 6 4 0 1    51.0   57.0
311 1026.509030 1.190E-23 1.380E-03.07400.158  487.23500.75-.002000          0 1 0          0 0 0  6  3  4        7  4  3      342203 1 1 6 4 0 1    39.0   45.0
311 1028.673340 1.010E-23 1.725E-02.07400.158 1204.85300.75-.002000          0 1 0          0 0 0 14  1 14       15  0 15      342203 1 1 6 4 0 1    87.0   93.0
311 1036.248290 9.960E-24 7.467E-04.07400.158  359.36600.75-.002000          0 1 0          0 0 0  5  1  4        6  4  3      342203 1 1 6 4 0 1    33.0   39.0
311 1039.305180 1.860E-23 1.713E-02.07400.158 1058.93900.75-.002000          0 1 0          0 0 0 13  0 13       14  1 14      342203 1 1 6 4 0 1    81.0   87.0
311 1039.945070 1.050E-23 9.916E-03.07400.158  716.92300.75-.002000          0 1 0          0 0 0  7  7  1        8  8  0      342203 1 1 6 4 0 1    15.0   17.0
311 1040.115970 3.120E-23 9.822E-03.07400.158  716.86800.75-.002000          0 1 0          0 0 0  7  7  0        8  8  1      342203 1 1 6 4 0 1    45.0   51.0
311 1043.278320 1.860E-23 4.935E-03.07400.158  680.46400.75-.002000          0 1 0          0 0 0  7  6  1        8  7  2      342203 1 1 6 4 0 1    45.0   51.0
311 1044.548100 1.320E-23 1.733E-03.07400.158  505.75600.75-.002000          0 1 0          0 0 0  6  4  3        7  5  2      342203 1 1 6 4 0 1    39.0   45.0
311 1048.061520 1.010E-23 9.477E-03.07400.158 1043.56500.75-.002000          0 1 0          0 0 0 12  2 11       13  1 12      342203 1 1 6 4 0 1    75.0   81.0
311 1049.843750 3.270E-23 1.708E-02.07400.158  922.32400.75-.002000          0 1 0          0 0 0 12  1 12       13  0 13      342203 1 1 6 4 0 1    75.0   81.0
311 1049.843750 1.090E-23 1.708E-02.07400.158  922.32400.75-.002000          0 1 0          0 0 0 12  0 12       13  1 13      342203 1 1 6 4 0 1    25.0   27.0
311 1054.386720 1.900E-23 2.812E-03.07400.158  526.65300.75-.002000          0 1 0          0 0 0  6  5  2        7  6  1      342203 1 1 6 4 0 1    39.0   45.0
311 1055.186040 3.100E-23 5.326E-03.07400.158  557.03000.75-.002000          0 1 0          0 0 0  6  6  1        7  7  0      342203 1 1 6 4 0 1    39.0   45.0
311 1055.568360 1.010E-23 5.207E-03.07400.158  556.90700.75-.002000          0 1 0          0 0 0  6  6  0        7  7  1      342203 1 1 6 4 0 1    13.0   15.0
311 1057.771480 1.730E-23 9.238E-03.07400.158  906.69100.75-.002000          0 1 0          0 0 0 11  1 10       12  2 11      342203 1 1 6 4 0 1    69.0   75.0
311 1060.287110 5.470E-23 1.705E-02.07400.158  795.02900.75-.002000          0 1 0          0 0 0 11  0 11       12  1 12      342203 1 1 6 4 0 1    69.0   75.0
311 1060.287110 1.820E-23 1.702E-02.07400.158  795.02900.75-.002000          0 1 0          0 0 0 11  1 11       12  0 12      342203 1 1 6 4 0 1    23.0   25.0
311 1067.393800 9.450E-24 9.079E-03.07400.158  779.12900.75-.002000          0 1 0          0 0 0 10  1  9       11  2 10      342203 1 1 6 4 0 1    21.0   23.0
311 1067.393800 2.830E-23 9.063E-03.07400.158  779.12900.75-.002000          0 1 0          0 0 0 10  2  9       11  1 10      342203 1 1 6 4 0 1    63.0   69.0
311 1070.632570 2.890E-23 1.701E-02.07400.158  677.07300.75-.002000          0 1 0          0 0 0 10  0 10       11  1 11      342203 1 1 6 4 0 1    21.0   23.0
311 1070.632570 8.680E-23 1.703E-02.07400.158  677.07300.75-.002000          0 1 0          0 0 0 10  1 10       11  0 11      342203 1 1 6 4 0 1    63.0   69.0
311 1071.948490 1.820E-23 1.926E-03.07400.158  416.57600.75-.002000          0 1 0          0 0 0  5  5  0        6  6  1      342203 1 1 6 4 0 1    33.0   39.0
311 1072.201900 1.270E-23 3.802E-03.07400.158  742.85400.75-.002000          0 1 0          0 0 0  9  2  7       10  3  8      342203 1 1 6 4 0 1    57.0   63.0
311 1076.187010 9.100E-24 2.704E-03.07400.158  779.12900.75-.002000          0 1 0          0 0 0 11  0 11       11  1 10      342203 1 1 6 4 0 1    69.0   69.0
311 1076.924320 4.380E-23 8.881E-03.07400.158  660.89800.75-.002000          0 1 0          0 0 0  9  1  8       10  2  9      342203 1 1 6 4 0 1    57.0   63.0
311 1076.924560 1.460E-23 8.881E-03.07400.158  660.89800.75-.002000          0 1 0          0 0 0  9  2  8       10  1  9      342203 1 1 6 4 0 1    19.0   21.0
311 1080.877690 4.360E-23 1.705E-02.07400.158  568.47300.75-.002000          0 1 0          0 0 0  9  1  9       10  0 10      342203 1 1 6 4 0 1    19.0   21.0
311 1080.877690 1.310E-22 1.707E-02.07400.158  568.47300.75-.002000          0 1 0          0 0 0  9  0  9       10  1 10      342203 1 1 6 4 0 1    57.0   63.0
311 1080.955570 1.880E-23 3.594E-03.07400.158  624.41400.75-.002000          0 1 0          0 0 0  8  3  6        9  2  7      342203 1 1 6 4 0 1    51.0   57.0
311 1086.359370 2.130E-23 8.678E-03.07400.158  552.01400.75-.002000          0 1 0          0 0 0  8  1  7        9  2  8      342203 1 1 6 4 0 1    17.0   19.0
311 1086.359620 6.400E-23 8.691E-03.07400.158  552.01400.75-.002000          0 1 0          0 0 0  8  2  7        9  1  8      342203 1 1 6 4 0 1    51.0   57.0
311 1086.807620 1.120E-23 2.092E-03.07400.158  660.89800.75-.002000          0 1 0          0 0 0 10  1 10       10  2  9      342203 1 1 6 4 0 1    63.0   63.0
311 1089.553710 2.600E-23 3.367E-03.07000.158  515.29800.75-.002000          0 1 0          0 0 0  7  2  5        8  3  6      346203 1 1 4 4 0 1    45.0   51.0
311 1091.020510 1.860E-22 1.704E-02.07400.158  469.24600.75-.002000          0 1 0          0 0 0  8  1  8        9  0  9      342203 1 1 6 4 0 1    51.0   57.0
311 1091.020510 6.200E-23 1.704E-02.07400.158  469.24600.75-.002000          0 1 0          0 0 0  8  0  8        9  1  9      342203 1 1 6 4 0 1    17.0   19.0
311 1095.693850 8.780E-23 8.472E-03.06800.158  452.49500.75-.002000          0 1 0          0 0 0  7  1  6        8  2  7      346203 1 1 4 4 0 1    45.0   51.0
311 1095.695800 2.920E-23 8.453E-03.06800.158  452.49500.75-.002000          0 1 0          0 0 0  7  2  6        8  1  7      346203 1 1 4 4 0 1    15.0   17.0
311 1097.336430 1.200E-23 1.487E-03.07400.158  552.01400.75-.002000          0 1 0          0 0 0  9  0  9        9  1  8      342203 1 1 6 4 0 1    57.0   57.0
311 1097.935060 1.090E-23 3.054E-03.07400.158  415.52200.75-.002000          0 1 0          0 0 0  6  2  4        7  3  5      342203 1 1 6 4 0 1    13.0   15.0
311 1098.266600 3.370E-23 3.149E-03.07400.158  415.47800.75-.002000          0 1 0          0 0 0  6  3  4        7  2  5      342203 1 1 6 4 0 1    39.0   45.0
311 1101.058350 8.320E-23 1.705E-02.06300.158  379.40700.75-.002000          0 1 0          0 0 0  7  1  7        8  0  8      346203 1 1 4 4 0 1    15.0   17.0
311 1101.058350 2.500E-22 1.707E-02.06300.158  379.40700.75-.002000          0 1 0          0 0 0  7  0  7        8  1  8      346203 1 1 4 4 0 1    45.0   51.0
311 1103.668210 9.200E-24 2.638E-03.07400.158  742.85400.75-.002000          0 1 0          0 0 0 10  2  9       10  3  8      342203 1 1 6 4 0 1    63.0   63.0
311 1104.920170 3.740E-23 8.195E-03.07400.158  362.35300.75-.002000          0 1 0          0 0 0  6  1  5        7  2  6      342203 1 1 6 4 0 1    13.0   15.0
311 1104.931640 1.120E-22 8.181E-03.07400.158  362.35200.75-.002000          0 1 0          0 0 0  6  2  5        7  1  6      342203 1 1 6 4 0 1    39.0   45.0
311 1105.718260 3.600E-23 2.597E-03.07800.158  325.14600.75-.002000          0 1 0          0 0 0  5  2  3        6  3  4      346203 1 1 4 4 0 1    33.0   39.0
311 1107.207280 1.340E-23 2.905E-03.07400.158  324.91800.75-.002000          0 1 0          0 0 0  5  3  3        6  2  4      342203 1 1 6 4 0 1    11.0   13.0
311 1107.772220 1.070E-23 9.310E-04.07400.158  452.49500.75-.002000          0 1 0          0 0 0  8  1  8        8  2  7      342203 1 1 6 4 0 1    51.0   51.0
311 1110.988770 1.050E-22 1.709E-02.06700.158  298.96900.75-.002000          0 1 0          0 0 0  6  0  6        7  1  7      346203 1 1 4 4 0 1    13.0   15.0
311 1110.989010 3.150E-22 1.709E-02.06700.158  298.96900.75-.002000          0 1 0          0 0 0  6  1  6        7  0  7      346203 1 1 4 4 0 1    39.0   45.0
311 1112.266600 1.070E-23 1.934E-03.07400.158  244.39300.75-.002000          0 1 0          0 0 0  4  2  2        5  3  3      342203 1 1 6 4 0 1     9.0   11.0
311 1114.012450 1.320E-22 7.821E-03.07400.158  281.60200.75-.002000          0 1 0          0 0 0  5  1  4        6  2  5      342203 1 1 6 4 0 1    33.0   39.0
311 1114.080080 4.430E-23 7.875E-03.07400.158  281.59400.75-.002000          0 1 0          0 0 0  5  2  4        6  1  5      342203 1 1 6 4 0 1    11.0   13.0
311 1117.489010 4.330E-23 2.620E-03.07800.158  243.34300.75-.002000          0 1 0          0 0 0  4  3  2        5  2  3      346203 1 1 4 4 0 1    27.0   33.0
311 1118.583010 2.970E-23 1.652E-03.07400.158  173.96700.75-.002000          0 1 0          0 0 0  3  2  1        4  3  2      342203 1 1 6 4 0 1    21.0   27.0
311 1120.586430 1.080E-23 7.254E-04.07400.158  263.73900.75-.002000          0 1 0          0 0 0  4  4  1        5  3  2      342203 1 1 6 4 0 1    27.0   33.0
311 1120.809080 3.700E-22 1.709E-02.07400.158  227.94500.75-.002000          0 1 0          0 0 0  5  0  5        6  1  6      342203 1 1 6 4 0 1    33.0   39.0
311 1120.810300 1.230E-22 1.705E-02.07400.158  227.94500.75-.002000          0 1 0          0 0 0  5  1  5        6  0  6      342203 1 1 6 4 0 1    11.0   13.0
311 1121.929200 1.660E-23 9.877E-04.07400.158  117.39200.75-.002000          0 1 0          0 0 0  2  2  1        3  3  0      342203 1 1 6 4 0 1    15.0   21.0
311 1122.852050 4.670E-23 7.286E-03.07700.158  210.26500.75-.002000          0 1 0          0 0 0  4  1  3        5  2  4      346203 1 1 4 4 0 1     9.0   11.0
311 1123.235350 1.430E-22 7.440E-03.07400.158  210.21700.75-.002000          0 1 0          0 0 0  4  2  3        5  1  4      342203 1 1 6 4 0 1    27.0   33.0
311 1127.342290 1.460E-23 2.605E-03.07400.158  115.34000.75-.002000          0 1 0          0 0 0  2  2  0        3  3  1      342203 1 1 6 4 0 1     5.0    7.0
311 1130.514400 1.340E-22 1.711E-02.07400.158  166.34400.75-.002000          0 1 0          0 0 0  4  0  4        5  1  5      342203 1 1 6 4 0 1     9.0   11.0
311 1130.522220 4.020E-22 1.711E-02.07400.158  166.34300.75-.002000          0 1 0          0 0 0  4  1  4        5  0  5      342203 1 1 6 4 0 1    27.0   33.0
311 1131.020510 1.270E-22 6.377E-03.07400.158  148.41800.75-.002000          0 1 0          0 0 0  3  1  2        4  2  3      342203 1 1 6 4 0 1    21.0   27.0
311 1131.095700 1.080E-23 1.810E-03.07400.158  170.33600.75-.002000          0 1 0          0 0 0  3  3  1        4  2  2      342203 1 1 6 4 0 1     7.0    9.0
311 1132.844240 4.510E-23 6.807E-03.07400.158  148.14100.75-.002000          0 1 0          0 0 0  3  2  2        4  1  3      342203 1 1 6 4 0 1     7.0    9.0
311 1138.443600 3.450E-23 5.724E-03.07400.158   96.39200.75-.002000          0 1 0          0 0 0  2  1  1        3  2  2      342203 1 1 6 4 0 1     5.0    7.0
311 1139.596190 9.690E-24 2.232E-03.07400.158   58.36900.75-.002000          0 1 0          0 0 0  1  1  1        2  2  0      342203 1 1 6 4 0 1     3.0    5.0
311 1140.083980 3.950E-22 1.706E-02.07400.158  114.17800.75-.002000          0 1 0          0 0 0  3  0  3        4  1  4      342203 1 1 6 4 0 1    21.0   27.0
311 1140.138920 1.320E-22 1.711E-02.07400.158  114.17200.75-.002000          0 1 0          0 0 0  3  1  3        4  0  4      342203 1 1 6 4 0 1     7.0    9.0
311 1144.264890 9.140E-23 5.073E-03.08500.158   95.05600.75-.002000          0 1 0          0 0 0  2  2  1        3  1  2      346203 1 1 4 4 0 1    15.0   21.0
311 1147.356450 1.130E-22 8.656E-03.07400.158   55.16100.75-.002000          0 1 0          0 0 0  1  1  0        2  2  1      342203 1 1 6 4 0 1     9.0   15.0
311 1149.401370 1.120E-22 1.678E-02.08300.158   71.46500.75-.002000          0 1 0          0 0 0  2  0  2        3  1  3      346203 1 1 4 4 0 1     5.0    7.0
311 1149.769530 3.400E-22 1.698E-02.07800.158   71.42400.75-.002000          0 1 0          0 0 0  2  1  2        3  0  3      346203 1 1 4 4 0 1    15.0   21.0
311 1152.271240 1.020E-23 5.364E-04.07400.158  243.34300.75-.002000          0 1 0          0 0 0  5  1  4        5  2  3      342203 1 1 6 4 0 1    33.0   33.0
311 1157.918700 1.030E-23 1.262E-03.07400.158   96.39200.75-.002000          0 1 0          0 0 0  3  1  3        3  2  2      342203 1 1 6 4 0 1     7.0    7.0
311 1158.167970 2.370E-22 1.704E-02.07400.158   38.29800.75-.002000          0 1 0          0 0 0  1  0  1        2  1  2      342203 1 1 6 4 0 1     9.0   15.0
311 1159.205320 3.670E-23 1.493E-03.07400.158   95.05600.75-.002000          0 1 0          0 0 0  3  0  3        3  1  2      342203 1 1 6 4 0 1    21.0   21.0
311 1159.485350 3.510E-23 1.630E-03.07400.158  173.96700.75-.002000          0 1 0          0 0 0  4  2  3        4  3  2      342203 1 1 6 4 0 1    27.0   27.0
311 1159.948970 7.390E-23 1.597E-02.07400.158   38.01600.75-.002000          0 1 0          0 0 0  1  1  1        2  0  2      342203 1 1 6 4 0 1     3.0    5.0
311 1162.419680 1.380E-23 1.262E-03.07400.158  387.88500.75-.002000          0 1 0          0 0 0  6  4  3        6  5  2      342203 1 1 6 4 0 1    39.0   39.0
311 1162.677490 9.840E-24 1.264E-03.07400.158  487.23500.75-.002000          0 1 0          0 0 0  7  3  4        7  4  3      342203 1 1 6 4 0 1    45.0   45.0
311 1162.781010 1.860E-23 2.561E-03.07400.158  170.33600.75-.002000          0 1 0          0 0 0  4  1  3        4  2  2      342203 1 1 6 4 0 1     9.0    9.0
311 1165.171140 4.060E-23 2.116E-03.07400.158  195.66100.75-.002000          0 1 0          0 0 0  4  3  2        4  4  1      342203 1 1 6 4 0 1    27.0   27.0
311 1165.644290 2.040E-23 2.778E-03.07400.158  115.34000.75-.002000          0 1 0          0 0 0  3  2  2        3  3  1      342203 1 1 6 4 0 1     7.0    7.0
311 1166.032230 6.060E-23 2.876E-03.07400.158   55.16100.75-.002000          0 1 0          0 0 0  2  1  2        2  2  1      342203 1 1 6 4 0 1    15.0   15.0
311 1167.125730 6.350E-23 3.782E-03.07400.158  263.73900.75-.002000          0 1 0          0 0 0  5  2  3        5  3  2      342203 1 1 6 4 0 1    33.0   33.0
311 1167.485110 5.840E-23 3.430E-02.07400.158   15.09000.75-.002000          0 1 0          0 0 0  0  0  0        1  1  1      342203 1 1 6 4 0 1     1.0    3.0
311 1169.726320 3.800E-23 5.339E-03.07400.158   51.14000.75-.002000          0 1 0          0 0 0  2  0  2        2  1  1      342203 1 1 6 4 0 1     5.0    5.0
311 1170.508790 3.870E-23 2.721E-03.07400.158  296.67700.75-.002000          0 1 0          0 0 0  5  4  1        5  5  0      342203 1 1 6 4 0 1    33.0   33.0
311 1171.480220 1.900E-23 4.981E-03.07400.158  375.43100.75-.002000          0 1 0          0 0 0  6  3  3        6  4  2      342203 1 1 6 4 0 1    13.0   13.0
311 1172.070560 1.840E-22 8.122E-03.07400.148  107.36800.75-.002000          0 1 0          0 0 0  3  1  2        3  2  1      342503 1 1 6 1 0 1    21.0   21.0
311 1173.060550 3.280E-23 5.226E-03.07400.158  196.80200.75-.002000          0 1 0          0 0 0  4  3  1        4  4  0      342203 1 1 6 4 0 1     9.0    9.0
311 1173.966310 2.110E-23 3.347E-03.07400.158  526.65300.75-.002000          0 1 0          0 0 0  7  5  2        7  6  1      342203 1 1 6 4 0 1    45.0   45.0
311 1174.010740 6.220E-23 9.267E-03.07400.158  182.64800.75-.002000          0 1 0          0 0 0  4  2  2        4  3  1      342203 1 1 6 4 0 1     9.0    9.0
311 1175.053960 2.080E-23 5.942E-03.07400.158  391.88800.75-.002000          0 1 0          0 0 0  6  4  2        6  5  1      342203 1 1 6 4 0 1    13.0   13.0
311 1175.054690 3.800E-23 5.455E-03.07400.158  505.75600.75-.002000          0 1 0          0 0 0  7  4  3        7  5  2      342203 1 1 6 4 0 1    45.0   45.0
311 1175.086180 1.290E-22 8.320E-03.07400.150  277.33800.75-.002000          0 1 0          0 0 0  5  3  2        5  4  1      342503 1 1 6 1 0 1    33.0   33.0
311 1175.158200 1.950E-22 9.084E-03.10800.141  117.39200.75-.002000          0 1 0          0 0 0  3  2  1        3  3  0      345503 1 1 2 1 0 1    21.0   21.0
311 1176.467040 9.200E-23 1.354E-02.10400.181   58.36900.75-.002000          0 1 0          0 0 0  2  1  1        2  2  0      345503 1 1 2 1 0 1     5.0    5.0
311 1177.090090 2.540E-22 1.720E-02.11600.140   19.37600.75-.002000          0 1 0          0 0 0  1  0  1        1  1  0      345503 1 1 2 1 0 1     9.0    9.0
311 1188.771480 4.350E-22 2.923E-02.10400.157   13.74600.75-.002000          0 1 0          0 0 0  1  1  0        1  0  1      345503 1 1 2 1 0 1     9.0    9.0
311 1191.542480 1.830E-22 2.667E-02.08000.172   51.14000.75-.002000          0 1 0          0 0 0  2  2  0        2  1  1      345503 1 1 2 1 0 1     5.0    5.0
311 1196.170410 5.090E-22 2.339E-02.07400.158  107.36800.75-.002000          0 1 0          0 0 0  3  3  0        3  2  1      342203 1 1 6 4 0 1    21.0   21.0
311 1196.819820 1.340E-22 1.848E-02.07400.158   38.01600.75-.002000          0 1 0          0 0 0  2  1  1        2  0  2      342203 1 1 6 4 0 1     5.0    5.0
311 1197.493900 5.960E-22 2.585E-02.07400.158   95.05600.75-.002000          0 1 0          0 0 0  3  2  1        3  1  2      342203 1 1 6 4 0 1    21.0   21.0
311 1197.965090 1.030E-22 1.972E-02.07400.158    0.00000.75-.002000          0 1 0          0 0 0  1  1  1        0  0  0      342203 1 1 6 4 0 1     3.0    1.0
311 1199.527100 2.030E-22 2.973E-02.08400.157  170.33600.75-.002000          0 1 0          0 0 0  4  3  1        4  2  2      345503 1 1 2 1 0 1     9.0    9.0
311 1201.023190 3.230E-22 1.497E-02.09400.180   38.29800.75-.002000          0 1 0          0 0 0  2  2  1        2  1  2      345503 1 1 2 1 0 1    15.0   15.0
311 1202.820800 1.320E-22 2.063E-02.07400.170  182.64800.75-.002000          0 1 0          0 0 0  4  4  0        4  3  1      342503 1 1 6 1 0 1     9.0    9.0
311 1203.447510 4.880E-22 3.089E-02.07400.158  263.73900.75-.002000          0 1 0          0 0 0  5  4  1        5  3  2      342203 1 1 6 4 0 1    33.0   33.0
311 1205.039060 1.380E-22 1.830E-02.07400.158   96.39200.75-.002000          0 1 0          0 0 0  3  3  1        3  2  2      342203 1 1 6 4 0 1     7.0    7.0
311 1205.776370 1.130E-22 1.415E-02.10100.165   15.09000.75-.002000          0 1 0          0 0 0  2  0  2        1  1  1      345503 1 1 2 1 0 1     5.0    3.0
311 1207.447510 4.290E-22 1.784E-02.07400.158   13.74600.75-.002000          0 1 0          0 0 0  2  1  2        1  0  1      342203 1 1 6 4 0 1    15.0    9.0
311 1208.014400 4.250E-22 1.672E-02.07400.158   71.42400.75-.002000          0 1 0          0 0 0  3  1  2        3  0  3      342203 1 1 6 4 0 1    21.0   21.0
311 1208.518550 1.800E-22 2.402E-02.07400.158  148.14100.75-.002000          0 1 0          0 0 0  4  2  2        4  1  3      342203 1 1 6 4 0 1     9.0    9.0
311 1209.080080 4.960E-22 2.870E-02.07400.149  243.34300.75-.002000          0 1 0          0 0 0  5  3  2        5  2  3      342503 1 1 6 1 0 1    33.0   33.0
311 1209.519780 1.420E-22 1.681E-02.07400.158   71.46500.75-.002000          0 1 0          0 0 0  3  2  2        3  1  3      342203 1 1 6 4 0 1     7.0    7.0
311 1209.596680 1.090E-22 3.045E-02.07400.158  375.43100.75-.002000          0 1 0          0 0 0  6  5  1        6  4  2      342203 1 1 6 4 0 1    13.0   13.0
311 1210.358150 3.820E-22 1.932E-02.08900.186  173.96700.75-.002000          0 1 0          0 0 0  4  4  1        4  3  2      345503 1 1 2 1 0 1    27.0   27.0
311 1210.426510 1.270E-22 3.240E-02.07400.158  356.51500.75-.002000          0 1 0          0 0 0  6  4  2        6  3  3      342203 1 1 6 4 0 1    13.0   13.0
311 1211.186770 2.790E-22 1.911E-02.10500.150  277.33800.75-.002000          0 1 0          0 0 0  5  5  0        5  4  1      345503 1 1 2 1 0 1    33.0   33.0
311 1212.414310 5.360E-22 2.402E-02.07400.158  148.41800.75-.002000          0 1 0          0 0 0  4  3  2        4  2  3      342203 1 1 6 4 0 1    27.0   27.0
311 1213.384520 2.510E-22 3.509E-02.07400.155  487.23500.75-.002000          0 1 0          0 0 0  7  5  2        7  4  3      342503 1 1 6 1 0 1    45.0   45.0
311 1215.963870 5.810E-22 1.972E-02.07400.158   38.29800.75-.002000          0 1 0          0 0 0  3  0  3        2  1  2      342203 1 1 6 4 0 1    21.0   15.0
311 1216.294920 1.990E-22 2.024E-02.07400.158   38.01600.75-.002000          0 1 0          0 0 0  3  1  3        2  0  2      342203 1 1 6 4 0 1     7.0    5.0
311 1216.433350 1.580E-22 2.790E-02.07400.158  244.39300.75-.002000          0 1 0          0 0 0  5  4  2        5  3  3      342203 1 1 6 4 0 1    11.0   11.0
311 1216.857180 9.820E-23 1.976E-02.07400.158  271.10600.75-.002000          0 1 0          0 0 0  5  5  1        5  4  2      342203 1 1 6 4 0 1    11.0   11.0
311 1217.985840 1.920E-22 2.959E-02.07400.158  505.75600.75-.002000          0 1 0          0 0 0  7  6  1        7  5  2      342203 1 1 6 4 0 1    45.0   45.0
311 1218.600830 4.740E-23 3.636E-02.07400.121  635.40800.75-.002000          0 1 0          0 0 0  8  6  2        8  5  3      342503 1 1 6 1 0 1    17.0   17.0
311 1218.944580 1.550E-22 1.783E-02.07400.161  114.17200.75-.002000          0 1 0          0 0 0  4  1  3        4  0  4      342503 1 1 6 1 0 1     9.0    9.0
311 1219.275150 4.660E-22 1.788E-02.07400.158  114.17800.75-.002000          0 1 0          0 0 0  4  2  3        4  1  4      342503 1 1 6 1 0 1    27.0   27.0
311 1219.945310 6.320E-22 2.757E-02.07400.158   19.37600.75-.002000          0 1 0          0 0 0  2  2  1        1  1  0      342203 1 1 6 4 0 1    15.0    9.0
311 1220.587650 6.160E-23 1.898E-02.07400.158  391.88800.75-.002000          0 1 0          0 0 0  6  6  0        6  5  1      342203 1 1 6 4 0 1    13.0   13.0
311 1220.647460 5.330E-22 2.675E-02.07400.158  210.21700.75-.002000          0 1 0          0 0 0  5  2  3        5  1  4      342203 1 1 6 4 0 1    33.0   33.0
311 1221.673580 3.440E-22 3.021E-02.07400.158  359.36600.75-.002000          0 1 0          0 0 0  6  5  2        6  4  3      342203 1 1 6 4 0 1    39.0   39.0
311 1221.860600 1.810E-22 2.731E-02.07400.158  210.26500.75-.002000          0 1 0          0 0 0  5  3  3        5  2  4      342203 1 1 6 4 0 1    11.0   11.0
311 1221.992920 1.420E-22 3.166E-02.07400.158  324.91800.75-.002000          0 1 0          0 0 0  6  3  3        6  2  4      342203 1 1 6 4 0 1    13.0   13.0
311 1222.931150 2.810E-22 3.460E-02.07200.180  457.88000.75-.002000          0 1 0          0 0 0  7  4  3        7  3  4      345503 1 1 2 1 0 1    45.0   45.0
311 1223.949710 5.440E-23 3.694E-02.07400.158  608.56500.75-.002000          0 1 0          0 0 0  8  5  3        8  4  4      342203 1 1 6 4 0 1    17.0   17.0
311 1224.277100 2.930E-22 1.094E-02.07400.158   55.16100.75-.002000          0 1 0          0 0 0  3  1  2        2  2  1      342203 1 1 6 4 0 1    21.0   15.0
311 1224.331540 1.980E-22 2.006E-02.07400.158  387.88500.75-.002000          0 1 0          0 0 0  6  6  1        6  5  2      342203 1 1 6 4 0 1    39.0   39.0
311 1225.157960 4.410E-22 3.298E-02.07400.158  325.14600.75-.002000          0 1 0          0 0 0  6  4  3        6  3  4      342203 1 1 6 4 0 1    39.0   39.0
311 1225.393550 2.350E-22 2.220E-02.07400.158   71.46500.75-.002000          0 1 0          0 0 0  4  0  4        3  1  3      342203 1 1 6 4 0 1     9.0    7.0
311 1225.441160 7.070E-22 2.226E-02.07400.158   71.42400.75-.002000          0 1 0          0 0 0  4  1  4        3  0  3      342203 1 1 6 4 0 1    27.0   21.0
311 1225.978520 8.510E-23 3.909E-02.07400.158  776.37700.75-.002000          0 1 0          0 0 0  9  6  3        9  5  4      342203 1 1 6 4 0 1    57.0   57.0
311 1226.396240 7.080E-23 3.673E-02.07400.158  801.28400.75-.002000          0 1 0          0 0 0  9  7  2        9  6  3      342203 1 1 6 4 0 1    57.0   57.0
311 1227.592530 1.300E-22 1.687E-02.10200.158   15.09000.75-.002000          0 1 0          0 0 0  2  2  0        1  1  1      345203 1 1 2 4 0 1     5.0    3.0
311 1228.125980 3.500E-23 3.002E-02.07400.158  655.19400.75-.002000          0 1 0          0 0 0  8  7  1        8  6  2      342203 1 1 6 4 0 1    17.0   17.0
311 1228.133790 7.210E-23 3.191E-02.07400.158  493.36900.75-.002000          0 1 0          0 0 0  7  6  2        7  5  3      342203 1 1 6 4 0 1    15.0   15.0
311 1229.271240 4.670E-22 1.920E-02.07400.158  166.34300.75-.002000          0 1 0          0 0 0  5  1  4        5  0  5      342203 1 1 6 4 0 1    33.0   33.0
311 1229.330570 1.560E-22 1.925E-02.07400.158  166.34400.75-.002000          0 1 0          0 0 0  5  2  4        5  1  5      342203 1 1 6 4 0 1    11.0   11.0
311 1229.352290 9.850E-23 3.690E-02.07400.158  458.66900.75-.002000          0 1 0          0 0 0  7  5  3        7  4  4      342203 1 1 6 4 0 1    15.0   15.0
311 1229.844730 1.990E-22 2.206E-02.07400.158   51.14000.75-.002000          0 1 0          0 0 0  3  2  2        2  1  1      342203 1 1 6 4 0 1     7.0    5.0
311 1230.010990 1.320E-23 4.062E-02.07400.158  960.90100.75-.002000          0 1 0          0 0 0 10  7  3       10  6  4      342203 1 1 6 4 0 1    21.0   21.0
311 1230.330570 1.120E-22 1.950E-02.07400.158  526.65300.75-.002000          0 1 0          0 0 0  7  7  0        7  6  1      342203 1 1 6 4 0 1    45.0   45.0
311 1231.862790 1.650E-22 3.028E-02.07400.158  281.59400.75-.002000          0 1 0          0 0 0  6  2  4        6  1  5      342203 1 1 6 4 0 1    13.0   13.0
311 1232.114260 1.050E-23 4.297E-04.07400.158   71.42400.75-.002000          0 1 0          0 0 0  3  3  0        3  0  3      342203 1 1 6 4 0 1    21.0   21.0
311 1232.141850 4.980E-22 3.048E-02.07400.158  281.60200.75-.002000          0 1 0          0 0 0  6  3  4        6  2  5      342203 1 1 6 4 0 1    39.0   39.0
311 1232.523680 3.940E-23 2.042E-02.07400.158  524.34400.75-.002000          0 1 0          0 0 0  7  7  1        7  6  2      342203 1 1 6 4 0 1    15.0   15.0
311 1234.435060 3.640E-22 3.715E-02.07400.148  415.47800.75-.002000          0 1 0          0 0 0  7  3  4        7  2  5      342503 1 1 6 1 0 1    45.0   45.0
311 1234.576660 7.380E-22 2.375E-02.07400.158  114.17800.75-.002000          0 1 0          0 0 0  5  0  5        4  1  4      342203 1 1 6 4 0 1    33.0   27.0
311 1234.583010 2.460E-22 2.375E-02.07400.158  114.17200.75-.002000          0 1 0          0 0 0  5  1  5        4  0  4      342203 1 1 6 4 0 1    11.0    9.0
311 1234.611330 1.710E-22 3.979E-02.07400.158  610.72400.75-.002000          0 1 0          0 0 0  8  6  3        8  5  4      342203 1 1 6 4 0 1    51.0   51.0
311 1235.374270 1.230E-22 3.773E-02.07400.158  415.52200.75-.002000          0 1 0          0 0 0  7  4  4        7  3  5      342203 1 1 6 4 0 1    15.0   15.0
311 1235.704830 1.200E-22 3.328E-02.07400.158  646.45900.75-.002000          0 1 0          0 0 0  8  7  2        8  6  3      342203 1 1 6 4 0 1    51.0   51.0
311 1236.601070 1.070E-23 3.748E-02.07400.158  985.35200.75-.002000          0 1 0          0 0 0 10  8  2       10  7  3      342203 1 1 6 4 0 1    21.0   21.0
311 1236.650880 7.230E-23 4.108E-02.07400.158  567.69700.75-.002000          0 1 0          0 0 0  8  4  4        8  3  5      342203 1 1 6 4 0 1    17.0   17.0
311 1236.724610 1.930E-22 2.096E-02.07400.158   96.39200.75-.002000          0 1 0          0 0 0  4  1  3        3  2  2      342203 1 1 6 4 0 1     9.0    7.0
311 1236.753420 1.660E-23 4.180E-02.07400.158 1162.14600.75-.002000          0 1 0          0 0 0 11  8  3       11  7  4      342203 1 1 6 4 0 1    69.0   69.0
311 1238.235840 1.100E-22 4.274E-02.07400.158  737.86100.75-.002000          0 1 0          0 0 0  9  5  4        9  4  5      342203 1 1 6 4 0 1    57.0   57.0
311 1238.396480 6.510E-22 2.348E-02.07400.158   95.05600.75-.002000          0 1 0          0 0 0  4  2  3        3  1  2      342203 1 1 6 4 0 1    27.0   21.0
311 1239.129390 2.250E-22 4.283E-02.07400.158  567.88200.75-.002000          0 1 0          0 0 0  8  5  4        8  4  5      342203 1 1 6 4 0 1    51.0   51.0
311 1239.175290 5.330E-23 3.157E-02.07400.158  824.27100.75-.002000          0 1 0          0 0 0  9  8  1        9  7  2      342203 1 1 6 4 0 1    57.0   57.0
311 1239.327390 1.660E-23 4.364E-02.07400.158  925.43900.75-.002000          0 1 0          0 0 0 10  6  4       10  5  5      342203 1 1 6 4 0 1    21.0   21.0
311 1239.328120 1.450E-22 2.075E-02.07400.158  227.94500.75-.002000          0 1 0          0 0 0  6  1  5        6  0  6      342203 1 1 6 4 0 1    13.0   13.0
311 1239.338380 4.350E-22 2.075E-02.07400.158  227.94500.75-.002000          0 1 0          0 0 0  6  2  5        6  1  6      342203 1 1 6 4 0 1    39.0   39.0
311 1239.996090 2.050E-23 2.038E-02.07400.158  681.68600.75-.002000          0 1 0          0 0 0  8  8  0        8  7  1      342203 1 1 6 4 0 1    17.0   17.0
311 1240.699710 2.040E-23 4.417E-02.07400.158 1129.76800.75-.002000          0 1 0          0 0 0 11  7  4       11  6  5      342203 1 1 6 4 0 1    69.0   69.0
311 1241.033690 2.910E-23 4.207E-02.07400.158  781.26800.75-.002000          0 1 0          0 0 0  9  7  3        9  6  4      342203 1 1 6 4 0 1    19.0   19.0
311 1241.167240 6.310E-23 2.083E-02.07400.158  680.46400.75-.002000          0 1 0          0 0 0  8  8  1        8  7  2      342203 1 1 6 4 0 1    51.0   51.0
311 1241.318600 6.160E-23 7.390E-03.07400.158  115.34000.75-.002000          0 1 0          0 0 0  4  2  2        3  3  1      342203 1 1 6 4 0 1     9.0    7.0
311 1242.499760 4.250E-22 3.394E-02.07400.158  362.35200.75-.002000          0 1 0          0 0 0  7  2  5        7  1  6      342203 1 1 6 4 0 1    45.0   45.0
311 1242.556880 1.420E-22 3.403E-02.07400.158  362.35300.75-.002000          0 1 0          0 0 0  7  3  5        7  2  6      342203 1 1 6 4 0 1    15.0   15.0
311 1243.062740 3.540E-22 4.151E-02.07400.158   58.36900.75-.002000          0 1 0          0 0 0  3  3  1        2  2  0      342203 1 1 6 4 0 1     7.0    5.0
311 1243.574220 3.950E-23 4.657E-02.07400.158  738.46800.75-.002000          0 1 0          0 0 0  9  6  4        9  5  5      342203 1 1 6 4 0 1    19.0   19.0
311 1243.614260 2.330E-22 2.489E-02.07400.158  166.34400.75-.002000          0 1 0          0 0 0  6  0  6        5  1  5      342203 1 1 6 4 0 1    13.0   11.0
311 1243.614990 6.980E-22 2.485E-02.07400.158  166.34300.75-.002000          0 1 0          0 0 0  6  1  6        5  0  5      342203 1 1 6 4 0 1    39.0   33.0
311 1244.184080 1.980E-23 3.451E-02.07400.158  818.69800.75-.002000          0 1 0          0 0 0  9  8  2        9  7  3      342203 1 1 6 4 0 1    19.0   19.0
311 1245.180910 2.700E-23 1.656E-03.07400.158  243.34300.75-.002000          0 1 0          0 0 0  5  5  0        5  2  3      342203 1 1 6 4 0 1    33.0   33.0
311 1245.844240 9.570E-23 4.278E-02.07400.158  515.28900.75-.002000          0 1 0          0 0 0  8  3  5        8  2  6      342203 1 1 6 4 0 1    17.0   17.0
311 1246.076170 2.880E-22 4.293E-02.07400.158  515.29800.75-.002000          0 1 0          0 0 0  8  4  5        8  3  6      342203 1 1 6 4 0 1    51.0   51.0
311 1247.196290 6.750E-22 2.618E-02.07400.158  148.41800.75-.002000          0 1 0          0 0 0  5  1  4        4  2  3      342203 1 1 6 4 0 1    33.0   27.0
311 1247.534180 2.290E-22 2.663E-02.07400.158  148.14100.75-.002000          0 1 0          0 0 0  5  2  4        4  1  3      342203 1 1 6 4 0 1    11.0    9.0
311 1248.376950 9.680E-22 3.757E-02.07400.158   55.16100.75-.002000          0 1 0          0 0 0  3  3  0        2  2  1      342203 1 1 6 4 0 1    21.0   15.0
311 1248.471680 1.360E-23 3.961E-02.07400.158 1188.24100.75-.002000          0 1 0          0 0 0 11  9  2       11  8  3      342203 1 1 6 4 0 1    69.0   69.0
311 1248.609370 3.990E-23 4.414E-02.07400.158  970.31300.75-.002000          0 1 0          0 0 0 10  8  3       10  7  4      342203 1 1 6 4 0 1    63.0   63.0
311 1248.903320 5.510E-23 4.943E-02.07400.158  927.10200.75-.002000          0 1 0          0 0 0 10  7  4       10  6  5      342203 1 1 6 4 0 1    63.0   63.0
311 1249.156980 1.580E-22 4.866E-02.07400.158  686.48900.75-.002000          0 1 0          0 0 0  9  4  5        9  3  6      342203 1 1 6 4 0 1    57.0   57.0
311 1249.218990 3.790E-22 2.248E-02.07400.158  298.96900.75-.002000          0 1 0          0 0 0  7  1  6        7  0  7      342203 1 1 6 4 0 1    45.0   45.0
311 1249.220700 1.260E-22 2.242E-02.07400.158  298.96900.75-.002000          0 1 0          0 0 0  7  2  6        7  1  7      342203 1 1 6 4 0 1    15.0   15.0
311 1249.436280 2.980E-23 2.101E-02.07400.158  856.75500.75-.002000          0 1 0          0 0 0  9  9  0        9  8  1      342203 1 1 6 4 0 1    57.0   57.0
311 1249.899170 5.320E-23 4.922E-02.07400.158  686.53000.75-.002000          0 1 0          0 0 0  9  5  5        9  4  6      342203 1 1 6 4 0 1    19.0   19.0
311 1250.023930 1.010E-23 2.132E-02.07400.158  856.14500.75-.002000          0 1 0          0 0 0  9  9  1        9  8  2      342203 1 1 6 4 0 1    19.0   19.0
311 1252.124020 2.460E-23 5.182E-02.07400.158  875.63200.75-.002000          0 1 0          0 0 0 10  5  5       10  4  6      342203 1 1 6 4 0 1    21.0   21.0
311 1252.520750 6.090E-22 2.571E-02.07400.158  227.94500.75-.002000          0 1 0          0 0 0  7  0  7        6  1  6      342203 1 1 6 4 0 1    45.0   39.0
311 1252.521000 2.030E-22 2.571E-02.07400.158  227.94500.75-.002000          0 1 0          0 0 0  7  1  7        6  0  6      342203 1 1 6 4 0 1    15.0   13.0
311 1252.863280 1.130E-22 3.764E-02.06800.158  452.49500.75-.002000          0 1 0          0 0 0  8  2  6        8  1  7      346203 1 1 4 4 0 1    17.0   17.0
311 1252.874510 3.400E-22 3.775E-02.07400.158  452.49500.75-.002000          0 1 0          0 0 0  8  3  6        8  2  7      346203 1 1 4 4 0 1    51.0   51.0
311 1253.315920 2.650E-23 3.584E-02.07400.158 1010.11100.75-.002000          0 1 0          0 0 0 10  9  2       10  8  3      342203 1 1 6 4 0 1    63.0   63.0
311 1253.464360 7.660E-22 3.004E-02.08300.158  107.36800.75-.002000          0 1 0          0 0 0  4  3  2        3  2  1      346203 1 1 4 4 0 1    27.0   21.0
311 1254.092290 7.630E-23 5.378E-02.07400.158  875.78700.75-.002000          0 1 0          0 0 0 10  6  5       10  5  6      342203 1 1 6 4 0 1    63.0   63.0
311 1254.252440 2.090E-22 7.543E-03.07400.158   38.29800.75-.002000          0 1 0          0 0 0  3  2  1        2  1  2      342203 1 1 6 4 0 1    21.0   15.0
311 1254.381590 3.010E-23 5.289E-02.07400.158 1082.32000.75-.002000          0 1 0          0 0 0 11  6  5       11  5  6      342203 1 1 6 4 0 1    69.0   69.0
311 1256.730470 2.100E-22 4.841E-02.07400.158  624.41400.75-.002000          0 1 0          0 0 0  9  3  6        9  2  7      342203 1 1 6 4 0 1    57.0   57.0
311 1256.762210 9.230E-23 4.573E-03.07400.158  195.66100.75-.002000          0 1 0          0 0 0  5  3  2        4  4  1      342203 1 1 6 4 0 1    33.0   27.0
311 1256.783940 7.010E-23 4.848E-02.07400.158  624.41500.75-.002000          0 1 0          0 0 0  9  4  6        9  3  7      342203 1 1 6 4 0 1    19.0   19.0
311 1256.897460 4.580E-22 2.043E-02.07400.158  173.96700.75-.002000          0 1 0          0 0 0  5  2  3        4  3  2      342203 1 1 6 4 0 1    33.0   27.0
311 1256.969240 1.450E-23 7.714E-04.07400.158  210.21700.75-.002000          0 1 0          0 0 0  5  4  1        5  1  4      342203 1 1 6 4 0 1    33.0   33.0
311 1257.008300 2.170E-22 2.931E-02.07400.158  210.26500.75-.002000          0 1 0          0 0 0  6  1  5        5  2  4      342203 1 1 6 4 0 1    13.0   11.0
311 1257.065920 6.540E-22 2.944E-02.07400.158  210.21700.75-.002000          0 1 0          0 0 0  6  2  5        5  1  4      342203 1 1 6 4 0 1    39.0   33.0
311 1258.795900 1.070E-23 5.693E-02.07400.158 1082.80800.75-.002000          0 1 0          0 0 0 11  7  5       11  6  6      342203 1 1 6 4 0 1    23.0   23.0
311 1258.900150 1.300E-23 2.166E-02.07400.158 1051.21100.75-.002000          0 1 0          0 0 0 10 10  1       10  9  2      342203 1 1 6 4 0 1    63.0   63.0
311 1258.966310 1.030E-22 2.428E-02.07400.158  379.40700.75-.002000          0 1 0          0 0 0  8  1  7        8  0  8      342203 1 1 6 4 0 1    17.0   17.0
311 1258.966550 3.090E-22 2.428E-02.07400.158  379.40700.75-.002000          0 1 0          0 0 0  8  2  7        8  1  8      342203 1 1 6 4 0 1    51.0   51.0
311 1260.707520 3.530E-23 5.598E-02.07400.158  814.45800.75-.002000          0 1 0          0 0 0 10  4  6       10  3  7      342203 1 1 6 4 0 1    21.0   21.0
311 1260.905760 1.060E-22 5.606E-02.07400.158  814.46700.75-.002000          0 1 0          0 0 0 10  5  6       10  4  7      342203 1 1 6 4 0 1    63.0   63.0
311 1261.228520 1.020E-23 3.579E-02.07400.158 1222.39700.75-.002000          0 1 0          0 0 0 11 10  1       11  9  2      342203 1 1 6 4 0 1    69.0   69.0
311 1261.297360 4.960E-22 2.646E-02.07400.158  298.96900.75-.002000          0 1 0          0 0 0  8  1  8        7  0  7      342203 1 1 6 4 0 1    51.0   45.0
311 1261.297360 1.650E-22 2.641E-02.07400.158  298.96900.75-.002000          0 1 0          0 0 0  8  0  8        7  1  7      342203 1 1 6 4 0 1    17.0   15.0
311 1261.789550 2.150E-22 2.848E-02.07400.158  170.33600.75-.002000          0 1 0          0 0 0  5  3  3        4  2  2      342203 1 1 6 4 0 1    11.0    9.0
311 1263.041990 2.540E-22 4.160E-02.06500.158  552.01400.75-.002000          0 1 0          0 0 0  9  2  7        9  1  8      346203 1 1 4 4 0 1    57.0   57.0
311 1263.044190 8.470E-23 4.161E-02.06500.158  552.01400.75-.002000          0 1 0          0 0 0  9  3  7        9  2  8      346203 1 1 4 4 0 1    19.0   19.0
311 1263.415280 3.490E-23 3.828E-03.09000.158   38.01600.75-.002000          0 1 0          0 0 0  3  3  1        2  0  2      346203 1 1 4 4 0 1     7.0    5.0
311 1264.207280 1.220E-23 5.980E-02.07400.158 1307.36400.75-.002000          0 1 0          0 0 0 12  8  5       12  7  6      342203 1 1 6 4 0 1    75.0   75.0
311 1264.614750 4.590E-23 6.123E-02.07400.158 1022.32700.75-.002000          0 1 0          0 0 0 11  5  6       11  4  7      342203 1 1 6 4 0 1    69.0   69.0
311 1265.227050 1.540E-23 6.170E-02.07400.158 1022.36500.75-.002000          0 1 0          0 0 0 11  6  6       11  5  7      342203 1 1 6 4 0 1    23.0   23.0
311 1265.862300 2.440E-23 3.217E-03.07400.158  457.88000.75-.002000          0 1 0          0 0 0  7  6  1        7  3  4      342203 1 1 6 4 0 1    45.0   45.0
311 1266.586430 5.650E-22 3.166E-02.07400.158  281.60200.75-.002000          0 1 0          0 0 0  7  1  6        6  2  5      342203 1 1 6 4 0 1    45.0   39.0
311 1266.595950 1.880E-22 3.160E-02.07400.158  281.59400.75-.002000          0 1 0          0 0 0  7  2  6        6  1  5      342203 1 1 6 4 0 1    15.0   13.0
311 1266.933350 1.510E-21 6.351E-02.08100.158  117.39200.75-.002000          0 1 0          0 0 0  4  4  1        3  3  0      346203 1 1 4 4 0 1    27.0   21.0
311 1267.337890 4.800E-23 5.431E-02.07400.158  742.85400.75-.002000          0 1 0          0 0 0 10  3  7       10  2  8      342203 1 1 6 4 0 1    21.0   21.0
311 1267.350100 1.440E-22 5.431E-02.07400.158  742.85400.75-.002000          0 1 0          0 0 0 10  4  7       10  3  8      342203 1 1 6 4 0 1    63.0   63.0
311 1268.575680 2.380E-22 2.629E-02.07400.158  469.24600.75-.002000          0 1 0          0 0 0  9  1  8        9  0  9      342203 1 1 6 4 0 1    57.0   57.0
311 1268.575680 7.930E-23 2.628E-02.07400.158  469.24600.75-.002000          0 1 0          0 0 0  9  2  8        9  1  9      342203 1 1 6 4 0 1    19.0   19.0
311 1269.064700 1.820E-22 2.958E-02.07400.158  244.39300.75-.002000          0 1 0          0 0 0  6  2  4        5  3  3      342203 1 1 6 4 0 1    13.0   11.0
311 1269.791260 1.780E-23 6.590E-02.07400.158 1247.81500.75-.002000          0 1 0          0 0 0 12  7  6       12  6  7      342203 1 1 6 4 0 1    75.0   75.0
311 1269.943600 1.260E-22 2.704E-02.07400.158  379.40700.75-.002000          0 1 0          0 0 0  9  1  9        8  0  8      342203 1 1 6 4 0 1    19.0   17.0
311 1269.943600 3.780E-22 2.704E-02.07400.158  379.40700.75-.002000          0 1 0          0 0 0  9  0  9        8  1  8      342203 1 1 6 4 0 1    57.0   51.0
311 1270.128660 5.060E-22 6.353E-02.07400.158  115.34000.75-.002000          0 1 0          0 0 0  4  4  0        3  3  1      342203 1 1 6 4 0 1     9.0    7.0
311 1270.400630 5.870E-22 3.170E-02.07400.158  243.34300.75-.002000          0 1 0          0 0 0  6  3  4        5  2  3      342203 1 1 6 4 0 1    39.0   33.0
311 1270.837160 1.330E-23 2.787E-03.07400.158  296.10400.75-.002000          0 1 0          0 0 0  6  4  2        5  5  1      342203 1 1 6 4 0 1    13.0   11.0
311 1271.776860 6.650E-23 6.363E-02.07400.158  951.64800.75-.002000          0 1 0          0 0 0 11  4  7       11  3  8      342203 1 1 6 4 0 1    69.0   69.0
311 1271.827640 2.220E-23 6.373E-02.07400.158  951.65000.75-.002000          0 1 0          0 0 0 11  5  7       11  4  8      342203 1 1 6 4 0 1    23.0   23.0
311 1273.059330 5.960E-23 4.569E-02.06100.158  660.89800.75-.002000          0 1 0          0 0 0 10  2  8       10  1  9      346203 1 1 4 4 0 1    21.0   21.0
311 1273.059810 1.790E-22 4.574E-02.06100.158  660.89800.75-.002000          0 1 0          0 0 0 10  3  8       10  2  9      346203 1 1 4 4 0 1    63.0   63.0
311 1273.470210 1.710E-22 1.968E-02.07400.158   96.39200.75-.002000          0 1 0          0 0 0  4  3  1        3  2  2      342203 1 1 6 4 0 1     9.0    7.0
311 1275.804930 9.290E-23 1.737E-02.07400.158  271.10600.75-.002000          0 1 0          0 0 0  6  3  3        5  4  2      342203 1 1 6 4 0 1    13.0   11.0
311 1276.021000 1.500E-22 3.343E-02.07400.158  362.35300.75-.002000          0 1 0          0 0 0  8  1  7        7  2  6      342203 1 1 6 4 0 1    17.0   15.0
311 1276.022460 4.510E-22 3.351E-02.06800.158  362.35200.75-.002000          0 1 0          0 0 0  8  2  7        7  1  6      346203 1 1 4 4 0 1    51.0   45.0
311 1276.430180 2.650E-23 7.064E-02.07400.158 1178.10500.75-.002000          0 1 0          0 0 0 12  6  7       12  5  8      342203 1 1 6 4 0 1    75.0   75.0
311 1277.741210 9.280E-23 6.044E-02.07400.158  870.59800.75-.002000          0 1 0          0 0 0 11  3  8       11  2  9      342203 1 1 6 4 0 1    69.0   69.0
311 1277.743900 3.090E-23 6.037E-02.07400.158  870.59800.75-.002000          0 1 0          0 0 0 11  4  8       11  3  9      342203 1 1 6 4 0 1    23.0   23.0
311 1278.049560 1.730E-22 2.843E-02.07400.158  568.47300.75-.002000          0 1 0          0 0 0 10  2  9       10  1 10      342203 1 1 6 4 0 1    63.0   63.0
311 1278.049560 5.760E-23 2.839E-02.07400.158  568.47300.75-.002000          0 1 0          0 0 0 10  1  9       10  0 10      342203 1 1 6 4 0 1    21.0   21.0
311 1278.177490 2.990E-22 4.314E-02.07400.158  182.64800.75-.002000          0 1 0          0 0 0  5  4  2        4  3  1      342203 1 1 6 4 0 1    11.0    9.0
311 1278.458740 9.070E-23 2.762E-02.07400.158  469.24600.75-.002000          0 1 0          0 0 0 10  0 10        9  1  9      342203 1 1 6 4 0 1    21.0   19.0
311 1278.458980 2.720E-22 2.761E-02.07400.158  469.24600.75-.002000          0 1 0          0 0 0 10  1 10        9  0  9      342203 1 1 6 4 0 1    63.0   57.0
311 1279.704830 4.960E-22 3.506E-02.07500.158  325.14600.75-.002000          0 1 0          0 0 0  7  2  5        6  3  4      346203 1 1 4 4 0 1    45.0   39.0
311 1279.991700 1.680E-22 3.560E-02.07400.158  324.91800.75-.002000          0 1 0          0 0 0  7  3  5        6  2  4      342203 1 1 6 4 0 1    15.0   13.0
311 1280.608400 9.220E-24 7.491E-02.07400.158 1421.87200.75-.002000          0 1 0          0 0 0 13  6  7       13  5  8      342203 1 1 6 4 0 1    81.0   81.0
311 1282.556880 1.310E-23 7.167E-02.07400.158 1098.05800.75-.002000          0 1 0          0 0 0 12  4  8       12  3  9      342203 1 1 6 4 0 1    25.0   25.0
311 1282.569820 3.930E-23 7.167E-02.07400.158 1098.05800.75-.002000          0 1 0          0 0 0 12  5  8       12  4  9      342203 1 1 6 4 0 1    75.0   75.0
311 1282.923580 1.190E-22 5.008E-02.07400.158  779.12900.75-.002000          0 1 0          0 0 0 11  2  9       11  1 10      342203 1 1 6 4 0 1    69.0   69.0
311 1282.923830 3.960E-23 5.000E-02.07400.158  779.12900.75-.002000          0 1 0          0 0 0 11  3  9       11  2 10      342203 1 1 6 4 0 1    23.0   23.0
311 1284.043700 1.620E-23 1.798E-03.07400.158  416.57600.75-.002000          0 1 0          0 0 0  7  5  2        6  6  1      342203 1 1 6 4 0 1    45.0   39.0
311 1285.142090 9.430E-24 1.043E-03.07400.158  415.47800.75-.002000          0 1 0          0 0 0  7  5  2        7  2  5      342203 1 1 6 4 0 1    45.0   45.0
311 1285.194090 5.160E-23 5.359E-03.07400.158   71.46500.75-.002000          0 1 0          0 0 0  4  2  2        3  1  3      342203 1 1 6 4 0 1     9.0    7.0
311 1285.327150 3.360E-22 3.512E-02.07400.158  452.49500.75-.002000          0 1 0          0 0 0  9  1  8        8  2  7      342203 1 1 6 4 0 1    57.0   51.0
311 1285.327390 1.120E-22 3.512E-02.07400.158  452.49500.75-.002000          0 1 0          0 0 0  9  2  8        8  1  7      342203 1 1 6 4 0 1    19.0   17.0
311 1286.565670 5.940E-22 3.632E-02.08000.158  263.73900.75-.002000          0 1 0          0 0 0  6  4  3        5  3  2      346203 1 1 4 4 0 1    39.0   33.0
311 1286.842770 1.850E-22 2.814E-02.07400.158  568.47300.75-.002000          0 1 0          0 0 0 11  0 11       10  1 10      342203 1 1 6 4 0 1    69.0   63.0
311 1286.842770 6.160E-23 2.811E-02.04900.158  568.47300.75-.002000          0 1 0          0 0 0 11  1 11       10  0 10      346203 1 1 4 4 0 1    23.0   21.0
311 1287.389890 3.960E-23 3.066E-02.07400.158  677.07300.75-.002000          0 1 0          0 0 0 11  2 10       11  1 11      342203 1 1 6 4 0 1    23.0   23.0
311 1287.389890 1.190E-22 3.071E-02.07400.158  677.07300.75-.002000          0 1 0          0 0 0 11  1 10       11  0 11      342203 1 1 6 4 0 1    69.0   69.0
311 1287.433110 1.430E-23 8.001E-02.07400.158 1342.96800.75-.002000          0 1 0          0 0 0 13  5  8       13  4  9      342203 1 1 6 4 0 1    81.0   81.0
311 1287.963870 1.880E-23 6.683E-02.07400.158 1007.63000.75-.002000          0 1 0          0 0 0 12  3  9       12  2 10      342203 1 1 6 4 0 1    25.0   25.0
311 1287.964600 5.640E-23 6.683E-02.07400.158 1007.63000.75-.002000          0 1 0          0 0 0 12  4  9       12  3 10      342203 1 1 6 4 0 1    75.0   75.0
311 1289.269040 1.460E-22 5.704E-03.07400.158   95.05600.75-.002000          0 1 0          0 0 0  4  4  1        3  1  2      342203 1 1 6 4 0 1    27.0   21.0
311 1289.408200 1.450E-22 5.051E-03.07400.158   71.42400.75-.002000          0 1 0          0 0 0  4  3  2        3  0  3      342203 1 1 6 4 0 1    27.0   21.0
311 1289.819340 1.030E-23 4.340E-03.07400.158  737.86100.75-.002000          0 1 0          0 0 0  9  7  2        9  4  5      342203 1 1 6 4 0 1    57.0   57.0
311 1289.835690 1.320E-22 3.892E-02.07300.158  415.52200.75-.002000          0 1 0          0 0 0  8  2  6        7  3  5      346203 1 1 4 4 0 1    17.0   15.0
311 1289.891850 3.960E-22 3.892E-02.07100.158  415.47800.75-.002000          0 1 0          0 0 0  8  3  6        7  2  5      346203 1 1 4 4 0 1    51.0   45.0
311 1290.546390 3.690E-22 3.132E-02.07400.158  359.36600.75-.002000          0 1 0          0 0 0  7  3  4        6  4  3      342203 1 1 6 4 0 1    45.0   39.0
311 1291.161130 5.900E-22 9.305E-02.07400.158  196.80200.75-.002000          0 1 0          0 0 0  5  5  1        4  4  0      342203 1 1 6 4 0 1    11.0    9.0
311 1292.638920 7.470E-23 5.458E-02.07400.158  906.69100.75-.002000          0 1 0          0 0 0 12  3 10       12  2 11      342203 1 1 6 4 0 1    75.0   75.0
311 1292.638920 2.490E-23 5.458E-02.07400.158  906.69100.75-.002000          0 1 0          0 0 0 12  2 10       12  1 11      342203 1 1 6 4 0 1    25.0   25.0
311 1292.863040 1.810E-21 9.487E-02.07400.158  195.66100.75-.002000          0 1 0          0 0 0  5  5  0        4  4  1      342203 1 1 6 4 0 1    33.0   27.0
311 1292.926270 1.310E-22 1.282E-02.07400.158  387.88500.75-.002000          0 1 0          0 0 0  7  4  3        6  5  2      342203 1 1 6 4 0 1    45.0   39.0
311 1293.112300 2.180E-23 7.972E-02.07400.158 1253.67200.75-.002000          0 1 0          0 0 0 13  4  9       13  3 10      342203 1 1 6 4 0 1    81.0   81.0
311 1293.219240 8.100E-22 3.823E-02.07400.176  173.96700.75-.002000          0 1 0          0 0 0  5  4  1        4  3  2      342603 1 1 6 3 0 1    33.0   27.0
311 1294.381350 1.490E-22 3.764E-02.07400.158  356.51500.75-.002000          0 1 0          0 0 0  7  4  4        6  3  3      342203 1 1 6 4 0 1    15.0   13.0
311 1294.508300 2.340E-22 3.641E-02.05600.158  552.01400.75-.002000          0 1 0          0 0 0 10  2  9        9  1  8      346203 1 1 4 4 0 1    63.0   57.0
311 1294.508300 7.810E-23 3.646E-02.05600.158  552.01400.75-.002000          0 1 0          0 0 0 10  1  9        9  2  8      346203 1 1 4 4 0 1    21.0   19.0
311 1295.094970 3.960E-23 2.854E-02.04600.158  677.07300.75-.002000          0 1 0          0 0 0 12  0 12       11  1 11      346203 1 1 4 4 0 1    25.0   23.0
311 1295.094970 1.190E-22 2.859E-02.04600.158  677.07300.75-.002000          0 1 0          0 0 0 12  1 12       11  0 11      346203 1 1 4 4 0 1    75.0   69.0
311 1296.598140 7.720E-23 3.298E-02.07400.158  795.02900.75-.002000          0 1 0          0 0 0 12  2 11       12  1 12      342203 1 1 6 4 0 1    75.0   75.0
311 1296.598140 2.570E-23 3.294E-02.07400.158  795.02900.75-.002000          0 1 0          0 0 0 12  1 11       12  0 12      342203 1 1 6 4 0 1    25.0   25.0
311 1298.015620 3.240E-23 7.351E-02.07400.158 1153.93000.75-.002000          0 1 0          0 0 0 13  3 10       13  2 11      342203 1 1 6 4 0 1    81.0   81.0
311 1298.015870 1.080E-23 7.351E-02.07400.158 1153.93000.75-.002000          0 1 0          0 0 0 13  4 10       13  3 11      342203 1 1 6 4 0 1    27.0   27.0
311 1299.758540 2.890E-22 4.191E-02.06600.158  515.29800.75-.002000          0 1 0          0 0 0  9  2  7        8  3  6      346203 1 1 4 4 0 1    57.0   51.0
311 1299.769290 9.630E-23 4.190E-02.07200.158  515.28900.75-.002000          0 1 0          0 0 0  9  3  7        8  2  6      346203 1 1 4 4 0 1    19.0   17.0
311 1302.208250 4.450E-23 5.943E-02.07400.158 1043.56500.75-.002000          0 1 0          0 0 0 13  2 11       13  1 12      342203 1 1 6 4 0 1    81.0   81.0
311 1302.208250 1.480E-23 5.929E-02.07400.158 1043.56500.75-.002000          0 1 0          0 0 0 13  3 11       13  2 12      342203 1 1 6 4 0 1    27.0   27.0
311 1302.464600 1.090E-22 4.042E-02.07400.158  458.66900.75-.002000          0 1 0          0 0 0  8  3  5        7  4  4      342203 1 1 6 4 0 1    17.0   15.0
311 1303.214840 2.420E-23 2.901E-02.07400.158  795.02900.75-.002000          0 1 0          0 0 0 13  1 13       12  0 12      342203 1 1 6 4 0 1    27.0   25.0
311 1303.214840 7.250E-23 2.897E-02.07400.158  795.02900.75-.002000          0 1 0          0 0 0 13  0 13       12  1 12      342203 1 1 6 4 0 1    81.0   75.0
311 1303.466550 1.150E-23 8.862E-02.07400.158 1418.47200.75-.002000          0 1 0          0 0 0 14  5 10       14  4 11      342203 1 1 6 4 0 1    87.0   87.0
311 1303.493900 3.410E-22 4.205E-02.07400.158  457.88000.75-.002000          0 1 0          0 0 0  8  4  5        7  3  4      342203 1 1 6 4 0 1    51.0   45.0
311 1303.564940 1.540E-22 3.766E-02.07400.158  660.89800.75-.002000          0 1 0          0 0 0 11  1 10       10  2  9      342203 1 1 6 4 0 1    69.0   63.0
311 1303.564940 5.140E-23 3.771E-02.07400.158  660.89800.75-.002000          0 1 0          0 0 0 11  2 10       10  1  9      342203 1 1 6 4 0 1    23.0   21.0
311 1303.702390 9.520E-22 6.385E-02.07600.158  277.33800.75-.002000          0 1 0          0 0 0  6  5  2        5  4  1      346203 1 1 4 4 0 1    39.0   33.0
311 1304.005620 3.210E-22 1.360E-02.08500.158  148.41800.75-.002000          0 1 0          0 0 0  5  3  2        4  2  3      346203 1 1 4 4 0 1    33.0   27.0
311 1305.676030 4.770E-23 3.552E-02.07400.158  922.32400.75-.002000          0 1 0          0 0 0 13  1 12       13  0 13      342203 1 1 6 4 0 1    81.0   81.0
311 1305.676030 1.590E-23 3.552E-02.07400.158  922.32400.75-.002000          0 1 0          0 0 0 13  2 12       13  1 13      342203 1 1 6 4 0 1    27.0   27.0
311 1307.901860 1.770E-23 8.085E-02.07400.158 1309.47700.75-.002000          0 1 0          0 0 0 14  4 11       14  3 12      342203 1 1 6 4 0 1    87.0   87.0
311 1308.170410 1.690E-23 8.698E-03.07400.158  524.34400.75-.002000          0 1 0          0 0 0  8  5  3        7  6  2      342203 1 1 6 4 0 1    17.0   15.0
311 1309.541500 6.550E-23 4.448E-02.07400.158  624.41500.75-.002000          0 1 0          0 0 0 10  2  8        9  3  7      342203 1 1 6 4 0 1    21.0   19.0
311 1309.543700 1.960E-22 4.437E-02.07400.158  624.41400.75-.002000          0 1 0          0 0 0 10  3  8        9  2  7      342203 1 1 6 4 0 1    63.0   57.0
311 1310.979250 6.710E-23 2.983E-02.07400.158  493.36900.75-.002000          0 1 0          0 0 0  8  4  4        7  5  3      342203 1 1 6 4 0 1    17.0   15.0
311 1311.202390 4.200E-23 2.937E-02.07400.158  922.32400.75-.002000          0 1 0          0 0 0 14  1 14       13  0 13      342203 1 1 6 4 0 1    87.0   81.0
311 1311.202390 1.400E-23 2.937E-02.07400.158  922.32400.75-.002000          0 1 0          0 0 0 14  0 14       13  1 13      342203 1 1 6 4 0 1    29.0   27.0
311 1311.633790 2.510E-23 6.442E-02.07400.158 1189.73200.75-.002000          0 1 0          0 0 0 14  3 12       14  2 13      342203 1 1 6 4 0 1    87.0   87.0
311 1312.498290 9.590E-23 3.885E-02.07400.158  779.12900.75-.002000          0 1 0          0 0 0 12  2 11       11  1 10      342203 1 1 6 4 0 1    75.0   69.0
311 1312.498290 3.200E-23 3.890E-02.07400.158  779.12900.75-.002000          0 1 0          0 0 0 12  1 11       11  2 10      342203 1 1 6 4 0 1    25.0   23.0
311 1312.590090 1.710E-22 4.869E-02.07400.158  375.43100.75-.002000          0 1 0          0 0 0  7  5  3        6  4  2      342203 1 1 6 4 0 1    15.0   13.0
311 1312.685300 8.580E-23 1.104E-02.07400.158  148.14100.75-.002000          0 1 0          0 0 0  5  4  2        4  1  3      342203 1 1 6 4 0 1    11.0    9.0
311 1313.262210 2.420E-22 4.626E-02.07000.158  567.88200.75-.002000          0 1 0          0 0 0  9  3  6        8  4  5      346203 1 1 4 4 0 1    57.0   51.0
311 1313.502200 8.130E-23 4.660E-02.07400.158  567.69700.75-.002000          0 1 0          0 0 0  9  4  6        8  3  5      342203 1 1 6 4 0 1    19.0   17.0
311 1313.921390 3.270E-22 6.483E-02.07400.158  271.10600.75-.002000          0 1 0          0 0 0  6  5  1        5  4  2      342203 1 1 6 4 0 1    13.0   11.0
311 1314.625000 2.790E-23 3.809E-02.07400.158 1058.93900.75-.002000          0 1 0          0 0 0 14  2 13       14  1 14      342203 1 1 6 4 0 1    87.0   87.0
311 1314.625000 9.300E-24 3.809E-02.07400.158 1058.93900.75-.002000          0 1 0          0 0 0 14  1 13       14  0 14      342203 1 1 6 4 0 1    29.0   29.0
311 1315.538820 1.730E-21 1.298E-01.07400.158  296.67700.75-.002000          0 1 0          0 0 0  6  6  1        5  5  0      342203 1 1 6 4 0 1    39.0   33.0
311 1316.371090 5.850E-22 1.315E-01.07400.158  296.10400.75-.002000          0 1 0          0 0 0  6  6  0        5  5  1      342203 1 1 6 4 0 1    13.0   11.0
311 1316.687010 1.410E-22 5.157E-03.07400.158  114.17800.75-.002000          0 1 0          0 0 0  5  2  3        4  1  4      342203 1 1 6 4 0 1    33.0   27.0
311 1317.626220 9.120E-24 8.810E-02.07400.158 1474.24900.75-.002000          0 1 0          0 0 0 15  3 12       15  2 13      342203 1 1 6 4 0 1    93.0   93.0
311 1317.627690 3.760E-23 5.429E-03.07400.158  170.33600.75-.002000          0 1 0          0 0 0  5  5  1        4  2  2      342203 1 1 6 4 0 1    11.0    9.0
311 1317.953120 4.700E-23 5.167E-03.07400.158  114.17200.75-.002000          0 1 0          0 0 0  5  3  3        4  0  4      342203 1 1 6 4 0 1    11.0    9.0
311 1319.056880 2.310E-23 2.970E-02.07400.158 1058.93900.75-.002000          0 1 0          0 0 0 15  0 15       14  1 14      342203 1 1 6 4 0 1    93.0   87.0
311 1319.198000 1.250E-22 4.662E-02.07400.158  742.85400.75-.002000          0 1 0          0 0 0 11  2  9       10  3  8      342203 1 1 6 4 0 1    69.0   63.0
311 1319.198490 4.180E-23 4.677E-02.07400.158  742.85400.75-.002000          0 1 0          0 0 0 11  3  9       10  2  8      342203 1 1 6 4 0 1    23.0   21.0
311 1319.776370 3.140E-22 4.578E-02.07400.158  487.23500.75-.002000          0 1 0          0 0 0  8  5  4        7  4  3      342203 1 1 6 4 0 1    51.0   45.0
311 1320.918210 1.350E-23 6.998E-02.07400.158 1345.17000.75-.002000          0 1 0          0 0 0 15  2 13       15  1 14      342203 1 1 6 4 0 1    93.0   93.0
311 1321.308840 5.650E-23 3.993E-02.07400.158  906.69100.75-.002000          0 1 0          0 0 0 13  1 12       12  2 11      342203 1 1 6 4 0 1    81.0   75.0
311 1321.308840 1.880E-23 3.986E-02.07400.158  906.69100.75-.002000          0 1 0          0 0 0 13  2 12       12  1 11      342203 1 1 6 4 0 1    27.0   25.0
311 1321.891360 1.720E-23 5.757E-03.07400.158  680.46400.75-.002000          0 1 0          0 0 0  9  6  3        8  7  2      342203 1 1 6 4 0 1    57.0   51.0
311 1322.549070 1.450E-22 2.558E-02.07900.158  244.39300.75-.002000          0 1 0          0 0 0  6  4  2        5  3  3      346203 1 1 4 4 0 1    13.0   11.0
311 1323.447020 1.550E-23 4.078E-02.07400.158 1204.85300.75-.002000          0 1 0          0 0 0 15  1 14       15  0 15      342203 1 1 6 4 0 1    93.0   93.0
311 1323.662110 5.400E-23 5.066E-02.07400.158  686.53000.75-.002000          0 1 0          0 0 0 10  3  7        9  4  6      342203 1 1 6 4 0 1    21.0   19.0
311 1323.715090 1.620E-22 5.066E-02.07400.158  686.48900.75-.002000          0 1 0          0 0 0 10  4  7        9  3  6      342203 1 1 6 4 0 1    63.0   57.0
311 1324.922120 1.830E-22 4.384E-02.07400.158  610.72400.75-.002000          0 1 0          0 0 0  9  4  5        8  5  4      342203 1 1 6 4 0 1    57.0   51.0
311 1326.778320 1.210E-23 3.005E-02.07400.158 1204.85300.75-.002000          0 1 0          0 0 0 16  1 16       15  0 15      342203 1 1 6 4 0 1    99.0   93.0
311 1327.863770 6.910E-23 4.936E-02.07400.158  608.56500.75-.002000          0 1 0          0 0 0  9  5  5        8  4  4      342203 1 1 6 4 0 1    19.0   17.0
311 1328.731450 2.510E-23 4.877E-02.07400.158  870.59800.75-.002000          0 1 0          0 0 0 12  2 10       11  3  9      342203 1 1 6 4 0 1    25.0   23.0
311 1328.731690 7.530E-23 4.877E-02.07400.158  870.59800.75-.002000          0 1 0          0 0 0 12  3 10       11  2  9      342203 1 1 6 4 0 1    75.0   69.0
311 1329.614990 2.980E-22 9.431E-02.07400.158  391.88800.75-.002000          0 1 0          0 0 0  7  6  2        6  5  1      342203 1 1 6 4 0 1    15.0   13.0
311 1329.637700 8.670E-23 2.489E-02.07400.158  646.45900.75-.002000          0 1 0          0 0 0  9  5  4        8  6  3      342203 1 1 6 4 0 1    57.0   51.0
311 1329.998290 3.160E-23 4.097E-02.07400.158 1043.56500.75-.002000          0 1 0          0 0 0 14  2 13       13  1 12      342203 1 1 6 4 0 1    87.0   81.0
311 1329.998290 1.050E-23 4.085E-02.07400.158 1043.56500.75-.002000          0 1 0          0 0 0 14  1 13       13  2 12      342203 1 1 6 4 0 1    29.0   27.0
311 1333.872560 1.010E-22 5.454E-02.07400.158  814.46700.75-.002000          0 1 0          0 0 0 11  3  8       10  4  7      342203 1 1 6 4 0 1    69.0   63.0
311 1333.884280 3.360E-23 5.443E-02.07400.158  814.45800.75-.002000          0 1 0          0 0 0 11  4  8       10  3  7      342203 1 1 6 4 0 1    23.0   21.0
311 1335.857420 9.500E-22 9.920E-02.07400.158  387.88500.75-.002000          0 1 0          0 0 0  7  6  1        6  5  2      342203 1 1 6 4 0 1    45.0   39.0
311 1336.646240 8.430E-23 1.287E-02.07400.158  210.26500.75-.002000          0 1 0          0 0 0  6  3  3        5  2  4      342203 1 1 6 4 0 1    13.0   11.0
311 1336.698000 4.310E-23 5.308E-02.07400.158  738.46800.75-.002000          0 1 0          0 0 0 10  4  6        9  5  5      342203 1 1 6 4 0 1    21.0   19.0
311 1337.511470 1.330E-22 5.450E-02.07400.158  737.86100.75-.002000          0 1 0          0 0 0 10  5  6        9  4  5      342203 1 1 6 4 0 1    63.0   57.0
311 1337.696530 2.600E-22 1.556E-02.07400.158  243.34300.75-.002000          0 1 0          0 0 0  6  5  2        5  2  3      342203 1 1 6 4 0 1    39.0   33.0
311 1338.143800 1.430E-23 5.079E-02.07400.158 1007.63000.75-.002000          0 1 0          0 0 0 13  3 11       12  2 10      342203 1 1 6 4 0 1    27.0   25.0
311 1338.143800 4.280E-23 5.067E-02.07400.158 1007.63000.75-.002000          0 1 0          0 0 0 13  2 11       12  3 10      342203 1 1 6 4 0 1    81.0   75.0
311 1338.567380 1.680E-23 4.200E-02.07400.158 1189.73200.75-.002000          0 1 0          0 0 0 15  1 14       14  2 13      342203 1 1 6 4 0 1    93.0   87.0
311 1339.579350 4.150E-22 6.819E-02.07400.158  505.75600.75-.002000          0 1 0          0 0 0  8  6  3        7  5  2      342203 1 1 6 4 0 1    51.0   45.0
311 1340.021970 4.770E-22 1.731E-01.07400.158  416.84600.75-.002000          0 1 0          0 0 0  7  7  1        6  6  0      342203 1 1 6 4 0 1    15.0   13.0
311 1340.087400 2.510E-22 1.283E-02.07400.158  210.21700.75-.002000          0 1 0          0 0 0  6  4  3        5  1  4      342203 1 1 6 4 0 1    39.0   33.0
311 1340.106200 1.630E-23 7.293E-04.07400.158  148.41800.75-.002000          0 1 0          0 0 0  5  5  0        4  2  3      342203 1 1 6 4 0 1    33.0   27.0
311 1340.408200 1.440E-21 1.740E-01.07400.158  416.57600.75-.002000          0 1 0          0 0 0  7  7  0        6  6  1      342203 1 1 6 4 0 1    45.0   39.0
311 1341.253170 4.750E-22 4.353E-02.07400.158  359.36600.75-.002000          0 1 0          0 0 0  7  5  2        6  4  3      342203 1 1 6 4 0 1    45.0   39.0
311 1343.943850 1.960E-23 5.776E-02.07400.158  951.65000.75-.002000          0 1 0          0 0 0 12  3  9       11  4  8      342203 1 1 6 4 0 1    25.0   23.0
311 1343.946530 5.870E-23 5.766E-02.07400.158  951.64800.75-.002000          0 1 0          0 0 0 12  4  9       11  3  8      342203 1 1 6 4 0 1    75.0   69.0
311 1346.068600 9.960E-24 1.837E-02.07400.158  818.69800.75-.002000          0 1 0          0 0 0 10  6  4        9  7  3      342203 1 1 6 4 0 1    21.0   19.0
311 1346.489010 2.880E-23 4.431E-02.07400.158  781.26800.75-.002000          0 1 0          0 0 0 10  5  5        9  6  4      342203 1 1 6 4 0 1    21.0   19.0
311 1346.634030 6.890E-23 5.767E-02.07400.158  635.40800.75-.002000          0 1 0          0 0 0  9  6  4        8  5  3      342203 1 1 6 4 0 1    19.0   17.0
311 1347.113040 4.150E-23 5.196E-03.07400.158  166.34400.75-.002000          0 1 0          0 0 0  6  2  4        5  1  5      342203 1 1 6 4 0 1    13.0   11.0
311 1347.400630 1.250E-22 5.219E-03.07400.158  166.34300.75-.002000          0 1 0          0 0 0  6  3  4        5  0  5      342203 1 1 6 4 0 1    39.0   33.0
311 1347.436280 2.300E-23 5.234E-02.07400.158 1153.93000.75-.002000          0 1 0          0 0 0 14  3 12       13  2 11      342203 1 1 6 4 0 1    87.0   81.0
311 1347.638180 8.000E-23 5.940E-02.07400.158  875.78700.75-.002000          0 1 0          0 0 0 11  4  7       10  5  6      342203 1 1 6 4 0 1    69.0   63.0
311 1347.844970 2.690E-23 5.990E-02.07400.158  875.63200.75-.002000          0 1 0          0 0 0 11  5  7       10  4  6      342203 1 1 6 4 0 1    23.0   21.0
311 1348.477540 6.520E-23 4.378E-03.07400.158  263.73900.75-.002000          0 1 0          0 0 0  6  6  1        5  3  2      342203 1 1 6 4 0 1    39.0   33.0
311 1353.501950 1.150E-22 5.819E-02.07400.158  776.37700.75-.002000          0 1 0          0 0 0 10  6  5        9  5  4      342203 1 1 6 4 0 1    63.0   57.0
311 1353.887450 3.220E-23 6.055E-02.07400.158 1098.05800.75-.002000          0 1 0          0 0 0 13  3 10       12  4  9      342203 1 1 6 4 0 1    81.0   75.0
311 1353.887940 1.070E-23 6.037E-02.07400.158 1098.05800.75-.002000          0 1 0          0 0 0 13  4 10       12  3  9      342203 1 1 6 4 0 1    27.0   25.0
311 1355.510990 7.240E-22 1.348E-01.07400.158  526.65300.75-.002000          0 1 0          0 0 0  8  7  2        7  6  1      342203 1 1 6 4 0 1    51.0   45.0
311 1355.664550 2.860E-22 2.267E-02.07400.158  325.14600.75-.002000          0 1 0          0 0 0  7  4  3        6  3  4      342203 1 1 6 4 0 1    45.0   39.0
311 1356.611570 1.180E-23 5.423E-02.07400.158 1309.47700.75-.002000          0 1 0          0 0 0 15  2 13       14  3 12      342203 1 1 6 4 0 1    93.0   87.0
311 1358.249510 1.520E-23 6.452E-02.07400.158 1022.36500.75-.002000          0 1 0          0 0 0 12  4  8       11  5  7      342203 1 1 6 4 0 1    25.0   23.0
311 1358.300290 4.570E-23 6.465E-02.07400.158 1022.32700.75-.002000          0 1 0          0 0 0 12  5  8       11  4  7      342203 1 1 6 4 0 1    75.0   69.0
311 1358.975340 2.530E-22 1.405E-01.07400.158  524.34400.75-.002000          0 1 0          0 0 0  8  7  1        7  6  2      342203 1 1 6 4 0 1    17.0   15.0
311 1359.840580 6.010E-23 5.831E-02.07400.158  927.10200.75-.002000          0 1 0          0 0 0 11  5  6       10  6  5      342203 1 1 6 4 0 1    69.0   63.0
311 1360.639890 1.470E-22 7.038E-02.07400.158  493.36900.75-.002000          0 1 0          0 0 0  8  6  2        7  5  3      342203 1 1 6 4 0 1    17.0   15.0
311 1362.153080 2.180E-23 6.315E-02.07400.158  925.43900.75-.002000          0 1 0          0 0 0 11  6  6       10  5  5      342203 1 1 6 4 0 1    23.0   21.0
311 1363.103030 8.960E-23 2.152E-02.07400.158  324.91800.75-.002000          0 1 0          0 0 0  7  5  3        6  2  4      342203 1 1 6 4 0 1    15.0   13.0
311 1363.706540 1.670E-23 6.320E-02.07400.158 1253.67200.75-.002000          0 1 0          0 0 0 14  4 11       13  3 10      342203 1 1 6 4 0 1    87.0   81.0
311 1364.601070 1.020E-21 2.231E-01.07400.158  557.03000.75-.002000          0 1 0          0 0 0  8  8  1        7  7  0      342203 1 1 6 4 0 1    51.0   45.0
311 1364.775150 3.400E-22 2.230E-01.07400.158  556.90700.75-.002000          0 1 0          0 0 0  8  8  0        7  7  1      342203 1 1 6 4 0 1    17.0   15.0
311 1364.987550 6.040E-23 1.696E-02.07400.158  356.51500.75-.002000          0 1 0          0 0 0  7  6  2        6  3  3      342203 1 1 6 4 0 1    15.0   13.0
311 1366.387940 3.300E-23 3.988E-02.07400.158  970.31300.75-.002000          0 1 0          0 0 0 11  6  5       10  7  4      342203 1 1 6 4 0 1    69.0   63.0
311 1367.107180 1.030E-22 9.781E-02.07400.158  655.19400.75-.002000          0 1 0          0 0 0  9  7  3        8  6  2      342203 1 1 6 4 0 1    19.0   17.0
311 1368.310550 2.070E-22 1.353E-02.07400.158  281.60200.75-.002000          0 1 0          0 0 0  7  3  4        6  2  5      342203 1 1 6 4 0 1    45.0   39.0
311 1368.679690 2.430E-23 6.891E-02.07400.158 1178.10500.75-.002000          0 1 0          0 0 0 13  4  9       12  5  8      342203 1 1 6 4 0 1    81.0   75.0
311 1369.302000 6.940E-23 1.362E-02.07400.158  281.59400.75-.002000          0 1 0          0 0 0  7  4  4        6  1  5      342203 1 1 6 4 0 1    15.0   13.0
311 1371.541260 1.170E-23 6.792E-02.07400.158 1082.80800.75-.002000          0 1 0          0 0 0 12  5  7       11  6  6      342203 1 1 6 4 0 1    25.0   23.0
311 1372.215330 3.580E-23 6.918E-02.07400.158 1082.32000.75-.002000          0 1 0          0 0 0 12  6  7       11  5  6      342203 1 1 6 4 0 1    75.0   69.0
311 1373.846190 8.590E-23 3.542E-02.07400.158  458.66900.75-.002000          0 1 0          0 0 0  8  5  3        7  4  4      342203 1 1 6 4 0 1    17.0   15.0
311 1374.720700 1.290E-22 7.599E-02.07400.158  801.28400.75-.002000          0 1 0          0 0 0 10  7  4        9  6  3      342203 1 1 6 4 0 1    63.0   57.0
311 1376.906490 1.040E-22 5.301E-03.07400.158  227.94500.75-.002000          0 1 0          0 0 0  7  2  5        6  1  6      342203 1 1 6 4 0 1    45.0   39.0
311 1376.964840 3.480E-23 5.322E-03.07400.158  227.94500.75-.002000          0 1 0          0 0 0  7  3  5        6  0  6      342203 1 1 6 4 0 1    15.0   13.0
311 1378.970460 1.220E-23 7.286E-02.07400.158 1342.96800.75-.002000          0 1 0          0 0 0 14  5 10       13  4  9      342203 1 1 6 4 0 1    87.0   81.0
311 1380.702150 1.980E-23 7.001E-02.07400.158  960.90100.75-.002000          0 1 0          0 0 0 11  7  5       10  6  4      342203 1 1 6 4 0 1    23.0   21.0
311 1381.196290 1.670E-22 1.841E-01.07400.158  681.68600.75-.002000          0 1 0          0 0 0  9  8  2        8  7  1      342203 1 1 6 4 0 1    19.0   17.0
311 1381.221190 3.450E-22 1.068E-01.07400.158  646.45900.75-.002000          0 1 0          0 0 0  9  7  2        8  6  3      342203 1 1 6 4 0 1    57.0   51.0
311 1381.437260 1.090E-23 3.436E-03.07400.158  375.43100.75-.002000          0 1 0          0 0 0  7  7  1        6  4  2      342203 1 1 6 4 0 1    15.0   13.0
311 1382.586670 1.840E-23 7.471E-02.07400.158 1247.81500.75-.002000          0 1 0          0 0 0 13  5  8       12  6  7      342203 1 1 6 4 0 1    81.0   75.0
311 1382.982420 5.140E-22 1.882E-01.07400.158  680.46400.75-.002000          0 1 0          0 0 0  9  8  1        8  7  2      342203 1 1 6 4 0 1    57.0   51.0
311 1387.455810 2.100E-22 2.932E-02.07400.158  457.88000.75-.002000          0 1 0          0 0 0  8  6  3        7  3  4      342203 1 1 6 4 0 1    51.0   45.0
311 1387.837650 2.930E-23 7.294E-02.07400.158 1129.76800.75-.002000          0 1 0          0 0 0 12  7  6       11  6  5      342203 1 1 6 4 0 1    75.0   69.0
311 1388.825680 7.010E-23 2.395E-02.07400.158  415.52200.75-.002000          0 1 0          0 0 0  8  4  4        7  3  5      342203 1 1 6 4 0 1    17.0   15.0
311 1389.245360 2.110E-22 2.793E-01.07400.158  716.92300.75-.002000          0 1 0          0 0 0  9  9  1        8  8  0      342203 1 1 6 4 0 1    19.0   17.0
311 1389.323000 6.320E-22 2.788E-01.07400.158  716.86800.75-.002000          0 1 0          0 0 0  9  9  0        8  8  1      342203 1 1 6 4 0 1    57.0   51.0
311 1391.533940 2.120E-22 2.423E-02.07400.158  415.47800.75-.002000          0 1 0          0 0 0  8  5  4        7  2  5      342203 1 1 6 4 0 1    51.0   45.0
311 1391.631100 2.030E-22 5.363E-02.07400.158  610.72400.75-.002000          0 1 0          0 0 0  9  6  3        8  5  4      342203 1 1 6 4 0 1    57.0   51.0
311 1394.651610 2.080E-22 1.410E-01.07400.158  824.27100.75-.002000          0 1 0          0 0 0 10  8  3        9  7  2      342203 1 1 6 4 0 1    63.0   57.0
311 1394.929200 9.430E-23 1.535E-02.07400.158  487.23500.75-.002000          0 1 0          0 0 0  8  7  2        7  4  3      342203 1 1 6 4 0 1    51.0   45.0
311 1395.117190 1.350E-23 7.454E-02.07400.158 1307.36400.75-.002000          0 1 0          0 0 0 13  6  7       12  7  6      342203 1 1 6 4 0 1    81.0   75.0
311 1397.617430 1.720E-23 1.711E-03.07400.158  359.36600.75-.002000          0 1 0          0 0 0  7  7  0        6  4  3      342203 1 1 6 4 0 1    45.0   39.0
311 1398.595700 2.080E-23 1.754E-03.07400.158  325.14600.75-.002000          0 1 0          0 0 0  7  6  1        6  3  4      342203 1 1 6 4 0 1    45.0   39.0
311 1398.780520 5.330E-23 1.426E-02.07400.158  362.35300.75-.002000          0 1 0          0 0 0  8  3  5        7  2  6      342203 1 1 6 4 0 1    17.0   15.0
311 1399.022220 1.600E-22 1.428E-02.07400.158  362.35200.75-.002000          0 1 0          0 0 0  8  4  5        7  1  6      342203 1 1 6 4 0 1    51.0   45.0
311 1403.255370 7.630E-23 1.529E-01.07400.158  818.69800.75-.002000          0 1 0          0 0 0 10  8  2        9  7  3      342203 1 1 6 4 0 1    21.0   19.0
311 1403.599370 2.560E-23 1.053E-01.07400.158  985.35200.75-.002000          0 1 0          0 0 0 11  8  4       10  7  3      342203 1 1 6 4 0 1    23.0   21.0
311 1406.388180 2.750E-23 5.466E-03.07400.158  298.96900.75-.002000          0 1 0          0 0 0  8  2  6        7  1  7      342203 1 1 6 4 0 1    17.0   15.0
311 1406.399900 8.260E-23 5.473E-03.07400.158  298.96900.75-.002000          0 1 0          0 0 0  8  3  6        7  0  7      342203 1 1 6 4 0 1    51.0   45.0
311 1406.672610 2.970E-22 2.398E-01.07400.158  856.75500.75-.002000          0 1 0          0 0 0 10  9  2        9  8  1      342203 1 1 6 4 0 1    63.0   57.0
311 1407.548830 1.000E-22 2.418E-01.07400.158  856.14500.75-.002000          0 1 0          0 0 0 10  9  1        9  8  2      342203 1 1 6 4 0 1    21.0   19.0
311 1408.215090 1.640E-22 3.602E-02.07400.158  567.88200.75-.002000          0 1 0          0 0 0  9  5  4        8  4  5      342203 1 1 6 4 0 1    57.0   51.0
311 1409.424800 2.920E-23 8.773E-02.07400.158 1162.14600.75-.002000          0 1 0          0 0 0 12  8  5       11  7  4      342203 1 1 6 4 0 1    75.0   69.0
311 1409.644780 4.760E-23 8.023E-02.07400.158  781.26800.75-.002000          0 1 0          0 0 0 10  7  3        9  6  4      342203 1 1 6 4 0 1    21.0   19.0
311 1413.735840 4.200E-23 3.399E-02.07400.158  608.56500.75-.002000          0 1 0          0 0 0  9  7  3        8  4  4      342203 1 1 6 4 0 1    19.0   17.0
311 1413.904050 3.450E-22 3.409E-01.07400.158  896.20800.75-.002000          0 1 0          0 0 0 10 10  1        9  9  0      342203 1 1 6 4 0 1    63.0   57.0
311 1413.938720 1.150E-22 3.409E-01.07400.158  896.18300.75-.002000          0 1 0          0 0 0 10 10  0        9  9  1      342203 1 1 6 4 0 1    21.0   19.0
311 1414.344480 5.420E-23 3.599E-02.07400.158  567.69700.75-.002000          0 1 0          0 0 0  9  6  4        8  3  5      342203 1 1 6 4 0 1    19.0   17.0
311 1415.875000 1.550E-23 2.844E-03.07400.158  505.75600.75-.002000          0 1 0          0 0 0  8  8  1        7  5  2      342203 1 1 6 4 0 1    51.0   45.0
311 1420.348390 1.500E-22 2.596E-02.07400.158  515.29800.75-.002000          0 1 0          0 0 0  9  4  5        8  3  6      342203 1 1 6 4 0 1    57.0   51.0
311 1421.139890 5.010E-23 2.604E-02.07400.158  515.28900.75-.002000          0 1 0          0 0 0  9  5  5        8  2  6      342203 1 1 6 4 0 1    19.0   17.0
311 1421.784180 4.040E-23 1.954E-01.07400.158 1013.34200.75-.002000          0 1 0          0 0 0 11  9  3       10  8  2      342203 1 1 6 4 0 1    23.0   21.0
311 1426.299320 3.580E-23 5.017E-02.07400.158  738.46800.75-.002000          0 1 0          0 0 0 10  6  4        9  5  5      342203 1 1 6 4 0 1    21.0   19.0
311 1426.601320 1.290E-22 2.061E-01.07400.158 1010.11100.75-.002000          0 1 0          0 0 0 11  9  2       10  8  3      342203 1 1 6 4 0 1    69.0   63.0
311 1427.474610 1.340E-23 1.260E-02.07400.158  635.40800.75-.002000          0 1 0          0 0 0  9  8  2        8  5  3      342203 1 1 6 4 0 1    19.0   17.0
311 1428.585940 8.970E-23 1.184E-01.07400.158  970.31300.75-.002000          0 1 0          0 0 0 11  8  3       10  7  4      342203 1 1 6 4 0 1    69.0   63.0
311 1428.649410 1.160E-22 1.497E-02.07400.158  452.49500.75-.002000          0 1 0          0 0 0  9  3  6        8  2  7      342203 1 1 6 4 0 1    57.0   51.0
311 1428.704830 3.870E-23 1.498E-02.07400.158  452.49500.75-.002000          0 1 0          0 0 0  9  4  6        8  1  7      342203 1 1 6 4 0 1    19.0   17.0
311 1431.997070 5.110E-23 3.018E-01.07400.158 1051.50500.75-.002000          0 1 0          0 0 0 11 10  2       10  9  1      342203 1 1 6 4 0 1    23.0   21.0
311 1432.414310 1.540E-22 3.029E-01.07400.158 1051.21100.75-.002000          0 1 0          0 0 0 11 10  1       10  9  2      342203 1 1 6 4 0 1    69.0   63.0
311 1432.681400 4.210E-23 1.484E-01.07400.158 1188.24100.75-.002000          0 1 0          0 0 0 12  9  4       11  8  3      342203 1 1 6 4 0 1    75.0   69.0
311 1435.648930 6.190E-23 5.653E-03.07400.158  379.40700.75-.002000          0 1 0          0 0 0  9  2  7        8  1  8      342203 1 1 6 4 0 1    57.0   51.0
311 1435.651120 2.060E-23 5.644E-03.07400.158  379.40700.75-.002000          0 1 0          0 0 0  9  3  7        8  0  8      342203 1 1 6 4 0 1    19.0   17.0
311 1438.143800 1.000E-22 4.735E-02.07400.158  737.86100.75-.002000          0 1 0          0 0 0 10  7  4        9  4  5      342203 1 1 6 4 0 1    63.0   57.0
311 1438.518310 5.580E-23 4.100E-01.07400.158 1094.55700.75-.002000          0 1 0          0 0 0 11 11  1       10 10  0      342203 1 1 6 4 0 1    23.0   21.0
311 1438.533940 1.670E-22 4.090E-01.07400.158 1094.54600.75-.002000          0 1 0          0 0 0 11 11  0       10 10  1      342203 1 1 6 4 0 1    69.0   63.0
311 1441.226560 3.550E-23 3.946E-02.07400.158  686.53000.75-.002000          0 1 0          0 0 0 10  5  5        9  4  6      342203 1 1 6 4 0 1    21.0   19.0
311 1442.545900 5.870E-23 3.372E-02.07400.158  776.37700.75-.002000          0 1 0          0 0 0 10  8  3        9  5  4      342203 1 1 6 4 0 1    63.0   57.0
311 1443.366210 6.320E-23 6.904E-02.07400.158  927.10200.75-.002000          0 1 0          0 0 0 11  7  4       10  6  5      342203 1 1 6 4 0 1    69.0   63.0
311 1443.389400 1.070E-22 3.975E-02.07400.158  686.48900.75-.002000          0 1 0          0 0 0 10  6  5        9  3  6      342203 1 1 6 4 0 1    63.0   57.0
311 1448.350340 6.090E-23 2.589E-01.07400.158 1222.39700.75-.002000          0 1 0          0 0 0 12 10  3       11  9  2      342203 1 1 6 4 0 1    75.0   69.0
311 1449.026120 1.640E-23 1.687E-01.07400.158 1177.91300.75-.002000          0 1 0          0 0 0 12  9  3       11  8  4      342203 1 1 6 4 0 1    25.0   23.0
311 1450.750000 3.320E-23 2.765E-02.07400.158  624.41500.75-.002000          0 1 0          0 0 0 10  4  6        9  3  7      342203 1 1 6 4 0 1    21.0   19.0
311 1450.875980 2.110E-23 2.678E-01.07400.158 1220.66200.75-.002000          0 1 0          0 0 0 12 10  2       11  9  3      342203 1 1 6 4 0 1    25.0   23.0
311 1450.958980 9.980E-23 2.771E-02.07400.158  624.41400.75-.002000          0 1 0          0 0 0 10  5  6        9  2  7      342203 1 1 6 4 0 1    63.0   57.0
311 1452.722170 1.630E-23 4.691E-03.07400.158  610.72400.75-.002000          0 1 0          0 0 0  9  8  1        8  5  4      342203 1 1 6 4 0 1    57.0   51.0
311 1457.201900 6.980E-23 3.705E-01.07400.158 1265.56500.75-.002000          0 1 0          0 0 0 12 11  2       11 10  1      342203 1 1 6 4 0 1    75.0   69.0
311 1457.397460 2.330E-23 3.709E-01.07400.158 1265.42700.75-.002000          0 1 0          0 0 0 12 11  1       11 10  2      342203 1 1 6 4 0 1    25.0   23.0
311 1458.177490 2.650E-23 1.568E-02.07400.158  552.01400.75-.002000          0 1 0          0 0 0 10  3  7        9  2  8      342203 1 1 6 4 0 1    21.0   19.0
311 1458.190190 7.960E-23 1.570E-02.07400.158  552.01400.75-.002000          0 1 0          0 0 0 10  4  7        9  1  8      342203 1 1 6 4 0 1    63.0   57.0
311 1459.798580 1.150E-23 2.714E-03.07400.158  567.88200.75-.002000          0 1 0          0 0 0  9  7  2        8  4  5      342203 1 1 6 4 0 1    57.0   51.0
311 1460.084720 1.140E-23 9.600E-02.07400.158 1133.67000.75-.002000          0 1 0          0 0 0 12  8  4       11  7  5      342203 1 1 6 4 0 1    25.0   23.0
311 1460.914790 6.240E-23 5.442E-02.07400.158  875.78700.75-.002000          0 1 0          0 0 0 11  6  5       10  5  6      342203 1 1 6 4 0 1    69.0   63.0
311 1462.142820 1.540E-23 1.026E-02.07400.158  801.28400.75-.002000          0 1 0          0 0 0 10  9  2        9  6  3      342203 1 1 6 4 0 1    63.0   57.0
311 1463.035400 7.250E-23 4.853E-01.07400.158 1311.63900.75-.002000          0 1 0          0 0 0 12 12  1       11 11  0      342203 1 1 6 4 0 1    75.0   69.0
311 1463.042480 2.420E-23 4.860E-01.07400.158 1311.63500.75-.002000          0 1 0          0 0 0 12 12  0       11 11  1      342203 1 1 6 4 0 1    25.0   23.0
311 1463.512450 1.680E-23 5.615E-02.07400.158  925.43900.75-.002000          0 1 0          0 0 0 11  8  4       10  5  5      342203 1 1 6 4 0 1    23.0   21.0
311 1464.710690 1.470E-23 5.869E-03.07400.158  469.24600.75-.002000          0 1 0          0 0 0 10  2  8        9  1  9      342203 1 1 6 4 0 1    21.0   19.0
311 1464.711180 4.410E-23 5.869E-03.07400.158  469.24600.75-.002000          0 1 0          0 0 0 10  3  8        9  0  9      342203 1 1 6 4 0 1    63.0   57.0
311 1465.970950 2.090E-23 5.502E-02.07400.158  875.63200.75-.002000          0 1 0          0 0 0 11  7  5       10  4  6      342203 1 1 6 4 0 1    23.0   21.0
311 1471.129390 2.330E-23 2.289E-01.07400.158 1404.11700.75-.002000          0 1 0          0 0 0 13 10  3       12  9  4      342203 1 1 6 4 0 1    81.0   75.0
311 1472.475340 6.530E-23 4.294E-02.07400.158  814.46700.75-.002000          0 1 0          0 0 0 11  5  6       10  4  7      342203 1 1 6 4 0 1    69.0   63.0
311 1473.134280 2.180E-23 4.304E-02.07400.158  814.45800.75-.002000          0 1 0          0 0 0 11  6  6       10  3  7      342203 1 1 6 4 0 1    23.0   21.0
311 1475.686040 2.710E-23 3.352E-01.07400.158 1450.23500.75-.002000          0 1 0          0 0 0 13 11  2       12 10  3      342203 1 1 6 4 0 1    81.0   75.0
311 1477.312990 1.710E-23 1.355E-01.07400.158 1358.13500.75-.002000          0 1 0          0 0 0 13  9  4       12  8  5      342203 1 1 6 4 0 1    81.0   75.0
311 1479.011230 1.050E-23 7.085E-02.07400.158 1082.80800.75-.002000          0 1 0          0 0 0 12  7  5       11  6  6      342203 1 1 6 4 0 1    25.0   23.0
311 1480.570310 6.260E-23 2.938E-02.07400.158  742.85400.75-.002000          0 1 0          0 0 0 11  4  7       10  3  8      342203 1 1 6 4 0 1    69.0   63.0
311 1480.623290 2.090E-23 2.943E-02.07400.158  742.85400.75-.002000          0 1 0          0 0 0 11  5  7       10  2  8      342203 1 1 6 4 0 1    23.0   21.0
311 1482.288090 9.410E-24 4.456E-01.07400.158 1498.57600.75-.002000          0 1 0          0 0 0 13 12  2       12 11  1      342203 1 1 6 4 0 1    27.0   25.0
311 1482.379150 2.830E-23 4.466E-01.07400.158 1498.51100.75-.002000          0 1 0          0 0 0 13 12  1       12 11  2      342203 1 1 6 4 0 1    81.0   75.0
311 1487.415280 9.370E-24 5.656E-01.07400.158 1547.12200.75-.002000          0 1 0          0 0 0 13 13  1       12 12  0      342203 1 1 6 4 0 1    27.0   25.0
311 1487.418700 2.810E-23 5.654E-01.07400.158 1547.11900.75-.002000          0 1 0          0 0 0 13 13  0       12 12  1      342203 1 1 6 4 0 1    81.0   75.0
311 1487.441890 5.180E-23 1.648E-02.07400.158  660.89800.75-.002000          0 1 0          0 0 0 11  3  8       10  2  9      342203 1 1 6 4 0 1    69.0   63.0
311 1487.444820 1.730E-23 1.651E-02.07400.158  660.89800.75-.002000          0 1 0          0 0 0 11  4  8       10  1  9      342203 1 1 6 4 0 1    23.0   21.0
311 1489.251220 3.090E-23 7.030E-02.07400.158 1082.32000.75-.002000          0 1 0          0 0 0 12  8  5       11  5  6      342203 1 1 6 4 0 1    75.0   69.0
311 1491.154050 2.050E-23 5.888E-02.07400.158 1129.76800.75-.002000          0 1 0          0 0 0 12  9  4       11  6  5      342203 1 1 6 4 0 1    75.0   69.0
311 1493.484860 1.170E-23 6.000E-02.07400.158 1022.36500.75-.002000          0 1 0          0 0 0 12  6  6       11  5  7      342203 1 1 6 4 0 1    25.0   23.0
311 1493.579350 2.980E-23 6.098E-03.07400.158  568.47300.75-.002000          0 1 0          0 0 0 11  2  9       10  1 10      342203 1 1 6 4 0 1    69.0   63.0
311 1493.579590 9.930E-24 6.096E-03.07400.158  568.47300.75-.002000          0 1 0          0 0 0 11  3  9       10  0 10      342203 1 1 6 4 0 1    23.0   21.0
311 1495.278560 3.540E-23 6.065E-02.07400.158 1022.32700.75-.002000          0 1 0          0 0 0 12  7  6       11  4  7      342203 1 1 6 4 0 1    75.0   69.0
311 1495.551030 1.430E-23 9.070E-02.07400.158 1307.36400.75-.002000          0 1 0          0 0 0 13  8  5       12  7  6      342203 1 1 6 4 0 1    81.0   75.0
311 1500.119870 1.020E-23 4.068E-01.07400.158 1699.07700.75-.002000          0 1 0          0 0 0 14 12  3       13 11  2      342203 1 1 6 4 0 1    87.0   81.0
311 1502.698970 1.250E-23 4.602E-02.07400.158  951.65000.75-.002000          0 1 0          0 0 0 12  5  7       11  4  8      342203 1 1 6 4 0 1    25.0   23.0
311 1502.887210 3.760E-23 4.615E-02.07400.158  951.64800.75-.002000          0 1 0          0 0 0 12  6  7       11  3  8      342203 1 1 6 4 0 1    75.0   69.0
311 1507.240480 1.020E-23 5.265E-01.07400.158 1750.19200.75-.002000          0 1 0          0 0 0 14 13  2       13 12  1      342203 1 1 6 4 0 1    87.0   81.0
311 1510.016110 1.240E-23 3.109E-02.07400.158  870.59800.75-.002000          0 1 0          0 0 0 12  4  8       11  3  9      342203 1 1 6 4 0 1    25.0   23.0
311 1510.029540 3.720E-23 3.109E-02.07400.158  870.59800.75-.002000          0 1 0          0 0 0 12  5  8       11  2  9      342203 1 1 6 4 0 1    75.0   69.0
311 1511.636720 9.820E-24 6.516E-01.07400.158 1800.67700.75-.002000          0 1 0          0 0 0 14 14  1       13 13  0      342203 1 1 6 4 0 1    87.0   81.0
311 1513.287600 1.620E-23 7.876E-02.07400.158 1247.81500.75-.002000          0 1 0          0 0 0 13  7  6       12  6  7      342203 1 1 6 4 0 1    81.0   75.0
311 1516.465090 1.070E-23 1.734E-02.07400.158  779.12900.75-.002000          0 1 0          0 0 0 12  3  9       11  2 10      342203 1 1 6 4 0 1    25.0   23.0
311 1516.465580 3.190E-23 1.724E-02.07400.158  779.12900.75-.002000          0 1 0          0 0 0 12  4  9       11  1 10      342203 1 1 6 4 0 1    75.0   69.0
311 1522.257320 1.910E-23 6.332E-03.07400.158  677.07300.75-.002000          0 1 0          0 0 0 12  3 10       11  0 11      342203 1 1 6 4 0 1    75.0   69.0
311 1524.375980 1.860E-23 6.538E-02.07400.158 1178.10500.75-.002000          0 1 0          0 0 0 13  6  7       12  5  8      342203 1 1 6 4 0 1    81.0   75.0
311 1532.343510 2.040E-23 4.910E-02.07400.158 1098.05800.75-.002000          0 1 0          0 0 0 13  5  8       12  4  9      342203 1 1 6 4 0 1    81.0   75.0
311 1539.154540 2.100E-23 3.286E-02.07400.158 1007.63000.75-.002000          0 1 0          0 0 0 13  4  9       12  3 10      342203 1 1 6 4 0 1    81.0   75.0
311 1545.254390 1.870E-23 1.806E-02.07400.158  906.69100.75-.002000          0 1 0          0 0 0 13  3 10       12  2 11      342203 1 1 6 4 0 1    81.0   75.0
311 1550.744870 1.170E-23 6.612E-03.07400.158  795.02900.75-.002000          0 1 0          0 0 0 13  2 11       12  1 12      342203 1 1 6 4 0 1    81.0   75.0
311 1554.488770 9.290E-24 7.045E-02.07400.158 1342.96800.75-.002000          0 1 0          0 0 0 14  7  8       13  4  9      342203 1 1 6 4 0 1    87.0   81.0
311 1561.591310 1.060E-23 5.256E-02.07400.158 1253.67200.75-.002000          0 1 0          0 0 0 14  6  9       13  3 10      342203 1 1 6 4 0 1    87.0   81.0
311 1568.008790 1.120E-23 3.448E-02.07400.158 1153.93000.75-.002000          0 1 0          0 0 0 14  5 10       13  2 11      342203 1 1 6 4 0 1    87.0   81.0
311 1573.813480 1.050E-23 1.904E-02.07400.158 1043.56500.75-.002000          0 1 0          0 0 0 14  4 11       13  1 12      342203 1 1 6 4 0 1    87.0   81.0
